839 1878
163 323
157 23
603 644
36 34
610 650
131 187
96 759
740 765
488 727
514 213
117 511
211 429
600 833
202 744
353 217
245 91
505 569
107 669
273 610
290 320
720 277
446 388
305 370
684 621
596 97
285 257
316 787
408 319
390 814
47 493
674 467
214 280
619 366
730 359
349 178
182 96
371 41
562 620
304 836
341 705
333 483
327 313
27 72
33 353
443 32
456 419
184 40
133 145
138 44
764 419
821 804
420 24
59 456
69 676
52 345
732 158
237 803
127 580
55 491
421 690
652 612
12 811
689 502
586 209
300 417
646 758
120 479
225 678
47 499
306 11
74 610
606 731
627 626
249 51
657 500
552 275
364 420
659 690
491 484
565 31
71 369
272 761
664 726
135 640
561 712
481 341
290 501
759 515
409 315
121 1
782 756
325 572
326 208
28 586
586 44
337 745
118 427
433 785
468 59
366 240
5 524
254 549
662 678
311 758
500 679
39 564
534 78
119 449
658 340
1 149
312 307
702 21
499 541
803 8
627 387
518 635
68 413
215 816
718 36
132 719
648 32
225 174
134 610
820 169
380 352
310 810
382 770
92 41
572 310
737 164
739 757
499 738
297 779
173 285
525 659
654 276
626 724
535 612
338 239
20 615
424 562
438 632
662 438
540 823
614 266
59 482
524 245
382 707
577 703
93 223
754 827
701 341
404 75
191 216
503 385
79 295
646 819
447 553
529 800
738 803
429 788
262 611
812 365
82 482
410 572
696 686
405 690
653 150
366 755
493 25
59 217
190 604
413 578
791 377
759 580
486 838
768 83
286 569
626 343
612 457
193 763
456 403
316 186
86 430
581 776
521 232
506 474
712 819
117 760
248 560
517 818
773 344
80 33
633 77
512 804
453 162
510 486
829 28
134 72
356 261
432 808
553 631
57 429
800 515
600 416
91 154
538 289
448 716
231 723
825 33
533 336
598 227
605 733
767 626
458 38
462 10
45 98
157 552
455 473
793 32
436 528
365 492
701 829
427 258
268 774
325 473
588 383
732 19
374 76
135 212
162 742
600 121
414 400
738 219
494 688
543 712
567 522
182 474
111 330
757 94
25 269
708 204
10 603
122 625
583 107
89 291
58 335
314 366
664 69
605 576
661 196
594 796
424 231
208 180
263 29
156 550
126 827
167 12
33 40
749 487
806 118
91 370
638 506
775 729
410 772
354 728
234 448
42 834
206 682
74 291
214 369
677 468
398 173
269 128
412 421
175 42
698 107
703 766
244 4
319 225
506 405
548 489
146 34
396 107
767 825
795 800
796 31
597 815
237 186
829 449
214 417
162 667
3 186
130 368
632 679
797 819
65 301
212 52
440 131
266 705
372 676
692 48
509 18
58 513
23 278
802 640
305 355
474 298
740 800
643 695
703 187
228 204
229 544
776 420
130 506
442 117
650 75
532 416
510 785
205 306
447 373
359 129
731 266
515 828
145 569
408 672
199 326
658 355
295 472
408 132
104 627
191 493
175 295
142 686
787 311
94 679
105 418
694 794
382 567
390 22
230 396
214 458
385 821
258 738
171 591
392 816
798 518
89 555
91 276
54 461
312 721
272 274
600 526
659 374
643 797
627 247
790 513
152 756
82 320
432 676
605 201
220 105
205 763
814 608
416 483
31 464
380 726
219 749
779 232
347 330
352 458
775 587
768 801
472 30
420 649
771 227
754 607
354 731
617 524
667 449
342 376
184 187
185 51
442 9
817 67
640 638
143 677
94 237
398 363
64 278
737 559
347 496
238 716
372 51
816 20
503 205
749 320
550 435
457 448
150 342
264 107
781 197
750 161
130 620
58 497
637 347
794 227
188 739
579 21
411 234
838 770
439 103
746 836
727 319
341 155
364 780
808 277
94 445
115 741
404 426
120 503
102 699
690 709
605 668
555 148
599 664
121 713
450 401
666 133
377 442
488 542
179 313
108 753
648 421
775 226
427 685
689 210
293 583
42 780
72 59
770 654
401 494
573 324
555 710
700 120
724 547
599 657
599 220
160 312
254 210
443 715
544 745
69 413
838 31
742 449
601 460
379 749
516 355
498 587
137 537
104 580
354 521
715 776
238 33
119 660
782 431
86 8
641 583
234 791
609 382
526 633
140 352
583 12
611 658
377 642
764 506
661 281
737 216
580 370
122 765
378 28
310 552
81 730
26 432
318 103
712 580
18 355
572 48
641 188
792 501
150 373
580 797
446 282
38 64
21 8
422 227
82 486
834 227
589 338
788 817
530 123
613 320
412 102
456 579
740 559
469 543
326 248
591 558
216 219
266 293
68 266
298 431
112 601
621 179
290 101
814 127
816 618
391 218
804 740
822 207
200 330
772 269
579 797
342 416
552 228
479 452
82 472
234 760
308 103
53 543
332 33
812 796
341 276
364 155
760 357
796 661
399 708
21 792
309 759
393 95
196 95
315 699
615 332
260 456
269 16
466 294
444 26
465 251
511 647
609 524
829 169
817 511
393 394
12 274
808 124
467 402
291 298
360 172
431 818
784 20
107 367
344 555
682 309
648 808
333 445
447 766
493 770
522 458
176 36
106 697
626 211
183 321
479 574
336 312
64 258
282 804
375 36
57 805
168 480
277 194
617 106
709 79
374 344
260 172
743 362
708 408
178 789
303 581
642 497
109 811
419 88
244 344
444 810
745 575
269 710
554 660
632 257
354 376
245 711
70 498
823 671
236 336
495 581
294 102
425 108
439 623
173 321
526 593
491 802
807 461
38 480
597 127
719 634
433 791
30 755
144 472
646 297
565 320
729 659
643 565
109 582
369 259
188 59
82 31
234 226
808 88
554 43
147 659
442 769
645 587
244 661
499 647
783 358
614 300
807 604
651 749
456 524
420 356
229 143
470 742
381 783
740 721
820 450
601 213
432 371
285 143
141 736
257 291
424 589
205 429
338 133
358 661
333 457
216 745
141 108
572 304
169 168
728 441
160 421
143 233
737 299
43 77
467 444
285 755
452 306
326 385
788 308
816 602
329 761
456 463
738 509
686 574
797 158
763 495
375 438
547 193
126 616
611 819
187 222
328 557
522 45
357 20
287 173
292 312
646 817
24 32
732 766
90 801
124 55
398 678
741 277
746 189
550 83
79 729
596 501
523 450
545 14
713 74
703 323
684 701
331 815
685 148
795 9
444 217
281 553
70 7
260 571
444 757
48 182
263 542
434 297
808 59
702 824
152 244
524 372
528 426
88 551
162 616
38 318
584 763
55 4
497 422
689 202
533 484
408 246
754 618
547 664
676 362
283 13
783 775
418 130
147 119
479 639
156 676
400 835
777 125
744 275
410 43
191 471
671 258
623 5
442 53
117 719
32 600
641 558
35 363
758 742
524 362
84 367
103 535
414 70
70 275
274 323
810 273
740 5
832 814
239 818
828 237
486 23
602 526
566 247
825 516
110 638
510 308
725 393
214 552
217 815
533 753
806 433
515 465
331 749
177 199
657 317
749 388
181 322
590 38
366 379
101 59
410 816
89 828
274 717
27 344
11 412
143 171
659 658
306 662
643 86
554 234
211 20
443 633
622 757
510 68
84 665
527 503
695 374
542 522
120 109
301 285
575 3
30 499
308 241
401 561
58 626
738 208
619 258
324 635
404 6
286 102
311 501
602 63
566 402
105 738
40 572
475 808
825 615
29 582
284 469
237 739
110 531
761 186
480 208
654 96
586 219
131 165
717 54
210 300
360 321
790 467
807 531
295 229
379 348
252 824
201 333
60 107
357 793
542 628
601 838
178 474
487 755
551 766
489 556
102 325
160 822
269 834
116 744
7 612
450 470
578 609
749 360
306 786
526 521
796 405
353 253
379 341
415 804
682 556
611 703
804 353
806 581
331 283
43 420
13 485
627 345
535 96
829 557
133 449
359 297
529 658
513 760
825 779
75 645
776 736
103 702
439 358
603 628
72 236
625 106
310 623
367 447
99 821
636 417
32 287
250 458
359 156
810 680
333 663
782 530
17 33
698 268
229 156
622 217
362 489
803 709
107 816
494 259
774 70
302 632
751 318
382 304
511 345
280 437
82 436
546 826
268 655
584 792
490 523
705 753
151 194
358 87
530 73
72 497
594 426
297 314
425 781
464 805
505 626
1 145
70 288
593 693
502 614
319 547
305 315
36 555
577 217
503 439
715 119
36 119
220 289
735 567
573 312
65 736
247 71
444 741
53 314
297 758
106 14
271 356
792 565
460 355
23 569
124 43
185 409
355 284
121 129
239 12
633 747
467 295
646 672
334 565
469 51
287 555
608 424
305 309
452 172
697 206
720 217
832 488
746 767
196 728
280 655
447 122
91 2
743 416
448 628
513 590
589 581
650 20
431 709
166 199
23 241
652 199
319 325
512 204
270 699
415 123
754 51
30 27
602 696
830 519
5 402
326 48
322 739
15 201
49 262
341 507
219 754
355 445
813 135
373 325
545 412
678 101
455 276
100 136
379 428
803 203
809 107
617 741
635 130
546 571
357 509
805 522
202 593
477 457
171 105
390 448
726 595
456 220
793 648
310 306
156 831
657 691
75 354
188 392
553 454
331 400
280 787
689 201
216 315
575 311
604 403
730 532
735 648
116 821
797 532
580 132
68 507
506 258
587 122
182 359
590 398
223 724
210 587
62 379
214 820
90 152
335 828
485 314
834 829
32 148
87 758
41 834
465 697
319 377
377 482
477 839
7 204
462 772
47 469
187 811
152 598
119 838
161 85
271 557
165 779
556 365
741 679
797 629
669 800
94 503
647 100
741 409
172 319
621 510
34 558
274 714
631 165
431 638
270 440
92 680
633 577
194 347
837 349
14 502
805 703
613 588
541 810
730 127
527 747
490 14
790 11
170 611
67 111
486 210
566 87
753 597
772 271
5 504
409 346
39 649
98 199
641 560
271 672
20 285
421 473
637 505
787 501
612 553
199 741
811 280
427 76
527 108
72 547
770 361
619 608
162 473
482 208
190 641
819 211
344 46
347 195
282 766
599 636
709 657
103 333
693 162
307 206
219 295
313 174
460 11
324 413
560 184
829 531
237 821
513 742
130 184
64 247
448 272
521 807
119 720
51 218
252 444
272 631
239 235
9 460
415 33
59 718
190 436
357 429
252 213
490 312
517 597
706 123
755 816
204 423
579 53
634 639
156 258
466 797
605 664
787 416
143 755
218 374
769 622
510 573
761 379
109 587
811 746
22 329
583 792
288 199
238 591
288 763
109 802
718 222
651 362
330 32
760 138
798 33
544 744
514 63
240 829
42 812
173 679
566 737
608 520
476 691
524 782
750 519
364 659
229 60
194 78
403 88
40 205
666 641
650 583
697 246
192 24
821 329
472 195
345 603
501 56
167 572
494 596
519 246
702 169
267 561
363 693
66 731
26 504
524 289
46 613
125 329
108 647
165 558
524 107
392 60
501 321
321 432
781 90
183 832
85 781
68 93
510 53
165 11
717 718
829 585
742 149
550 331
568 205
700 263
294 410
614 709
192 475
306 34
495 348
445 631
344 395
93 646
408 217
810 741
188 260
270 237
164 493
165 505
520 594
510 607
695 709
662 727
293 261
261 364
597 573
412 437
350 541
218 817
187 233
65 95
763 32
803 136
749 13
834 832
727 789
15 51
553 435
281 446
208 390
86 699
550 416
471 546
661 606
222 177
353 166
691 74
505 534
16 775
677 35
805 254
770 432
424 781
783 550
273 686
121 614
330 289
496 116
202 354
564 827
416 661
697 516
97 411
5 717
10 79
415 674
276 142
520 559
484 476
503 689
752 478
328 275
314 706
439 788
203 487
524 800
484 306
175 576
783 769
273 674
695 675
94 95
775 363
657 580
523 736
494 201
425 25
178 396
251 243
71 220
653 151
319 414
612 573
132 234
209 6
329 215
349 140
826 190
443 254
321 32
671 501
606 507
219 791
631 651
357 530
638 715
551 566
752 170
590 409
77 175
169 406
523 93
726 88
381 821
727 59
739 44
8 802
31 239
267 726
532 686
384 432
756 546
81 602
172 311
671 799
602 50
586 229
811 648
242 389
493 51
415 424
425 711
779 560
581 356
447 349
286 213
380 221
770 616
351 795
761 32
581 832
34 195
478 154
63 711
288 498
507 742
695 820
184 707
421 239
322 721
253 635
400 422
110 529
555 331
338 283
563 315
501 179
267 124
475 633
705 644
249 750
32 405
806 186
257 638
277 627
81 424
563 403
193 396
548 612
787 219
110 77
132 407
152 184
647 368
164 690
508 339
382 219
21 410
133 11
464 350
394 44
773 24
616 80
250 664
81 417
669 288
782 186
277 493
69 560
449 423
250 135
123 802
548 833
474 620
772 170
701 711
479 584
775 143
559 162
444 592
548 78
613 694
569 381
290 358
404 181
478 84
784 545
668 83
88 744
54 205
610 693
774 441
524 127
84 9
839 284
180 175
251 818
102 619
535 3
649 241
707 496
543 67
341 333
125 112
389 140
802 375
235 282
761 712
579 686
835 485
212 77
400 644
42 179
727 462
33 550
803 605
457 51
575 161
156 273
183 567
204 37
337 438
616 498
750 759
604 518
606 237
274 55
221 394
301 623
654 728
487 697
626 477
148 828
666 836
25 661
417 789
370 280
98 318
580 750
835 520
527 267
14 431
806 502
77 159
477 218
579 357
802 531
287 644
625 381
735 293
629 200
743 798
464 704
707 284
46 288
645 94
340 733
299 542
412 471
593 99
735 234
655 656
93 573
765 107
583 36
496 302
761 739
542 326
752 426
589 142
351 186
688 758
229 730
22 533
351 203
830 737
135 416
66 508
202 185
735 556
114 464
732 806
469 824
164 672
738 70
632 732
444 522
501 28
528 648
450 180
571 216
491 545
368 533
612 181
620 181
361 77
575 656
254 478
709 407
802 233
834 128
606 201
200 736
778 667
690 361
547 240
307 340
130 423
702 58
500 792
284 266
551 697
458 533
704 548
264 379
306 311
390 671
482 724
658 691
760 181
779 333
467 639
801 662
399 195
665 102
523 730
35 720
665 586
540 63
562 547
302 286
838 316
124 183
363 220
493 443
724 137
766 359
641 769
53 729
169 686
545 444
336 580
703 228
136 118
191 464
257 124
367 393
668 204
431 731
274 303
574 681
815 577
514 665
517 183
708 550
367 220
425 240
601 692
636 653
340 623
72 560
493 801
276 780
78 400
192 820
545 699
262 698
528 402
251 93
783 347
257 279
335 159
100 763
142 602
197 725
720 398
596 718
245 654
615 310
217 644
508 464
733 318
221 458
580 364
487 194
418 59
105 616
359 519
511 406
409 431
815 452
670 345
376 544
329 653
16 406
471 256
806 422
744 41
621 168
170 602
331 294
818 812
175 724
531 433
571 147
185 588
187 170
761 667
230 699
262 600
404 153
408 615
302 793
820 737
603 70
401 3
494 654
71 416
68 618
792 422
838 89
497 667
441 118
226 346
487 33
109 345
805 140
348 809
89 392
539 314
456 526
526 36
328 538
424 50
760 375
5 539
581 706
676 448
126 44
431 629
165 266
666 730
581 461
283 262
625 118
464 455
231 398
107 459
445 801
267 814
755 446
357 784
450 776
631 652
3 562
479 407
670 452
713 153
662 322
443 408
565 573
324 397
217 205
309 383
366 437
23 411
834 558
85 728
344 573
550 392
828 343
283 359
641 316
452 504
753 749
663 216
408 724
783 675
454 287
504 586
171 791
44 100
229 416
670 606
109 818
677 663
720 148
794 426
304 146
472 307
733 530
754 236
594 674
592 361
23 118
447 273
549 218
788 232
55 460
112 782
171 780
777 268
501 691
429 204
80 550
120 693
385 708
541 791
700 184
411 135
109 571
601 133
339 535
525 660
403 273
324 506
272 597
366 736
348 480
829 590
831 501
534 641
745 140
763 381
212 493
34 51
387 427
559 65
47 413
396 829
634 117
788 287
116 808
611 456
830 273
141 789
724 280
564 735
47 53
456 371
731 365
420 217
578 527
562 286
144 710
421 166
668 572
329 18
702 818
633 521
483 760
612 141
139 273
682 354
85 630
619 415
177 587
288 562
253 288
805 243
219 496
425 36
316 384
589 706
145 165
441 799
316 375
285 705
7 226
347 768
750 197
576 59
108 381
240 141
296 399
663 697
167 436
706 422
502 13
361 53
424 467
703 589
649 721
410 199
179 75
179 574
493 449
756 505
744 385
390 225
497 791
372 132
301 309
361 429
659 786
494 196
558 382
761 153
726 499
489 497
716 202
739 612
3 667
222 624
12 14
532 724
594 487
297 253
743 624
462 768
360 838
102 459
285 95
303 800
290 311
572 239
116 581
364 20
60 381
334 313
390 64
86 4
757 455
353 350
274 748
58 310
401 246
589 543
169 26
1 252
688 650
229 400
191 553
85 54
649 817
561 602
389 386
140 275
195 629
397 806
571 132
278 714
834 667
