820
19 31
415 20
689 287
205 413
233 776
73 236
160 816
449 352
182 766
484 378
499 223
286 11
200 158
227 178
661 771
57 43
671 321
398 41
11 806
25 110
510 202
318 587
503 84
46 61
265 216
258 23
649 51
31 178
705 709
202 119
162 8
474 227
523 143
104 165
395 202
55 54
214 610
360 425
143 191
320 164
61 116
273 301
211 181
658 63
674 272
636 692
421 790
7 26
722 343
520 221
506 98
515 708
7 100
64 794
508 409
654 444
673 269
479 269
13 8
558 704
345 381
23 73
463 46
651 78
31 324
425 617
372 107
665 479
345 68
351 107
545 441
81 423
328 134
233 128
633 819
797 7
541 43
148 81
153 678
768 435
384 200
45 39
417 593
387 594
97 472
159 357
281 348
741 98
349 280
368 122
314 700
451 269
86 87
142 773
278 377
102 375
94 71
548 815
452 564
272 660
8 486
418 146
173 192
780 455
428 437
419 429
547 296
495 23
64 732
820 221
1 7
752 2
10 314
730 495
631 36
123 88
95 653
405 32
464 644
488 474
156 184
372 733
44 272
154 291
549 538
813 773
83 76
43 109
98 104
149 141
52 251
150 661
518 331
96 142
105 341
734 597
160 131
129 195
743 311
207 197
312 106
421 448
626 761
106 88
408 563
269 772
2 47
27 11
2 93
30 799
108 118
455 522
13 315
342 693
158 180
385 274
317 461
546 148
804 657
156 95
369 64
645 506
50 758
182 283
41 206
745 439
41 40
748 562
435 295
116 721
7 107
427 157
132 279
276 344
381 647
698 545
88 48
334 183
48 63
679 385
452 415
53 26
114 152
35 280
798 427
112 35
321 393
64 34
447 48
620 248
571 93
26 65
90 632
736 174
54 58
432 167
92 179
428 420
60 124
362 387
96 64
42 30
208 118
140 782
759 272
529 336
38 433
440 116
20 18
607 57
404 346
41 59
194 469
181 219
500 69
239 225
510 718
473 263
97 785
459 196
388 555
1 5
420 299
346 765
63 136
559 714
197 27
560 720
659 152
213 26
697 665
17 25
1 3
419 454
749 233
205 53
579 339
713 764
335 3
462 28
356 48
509 250
755 803
352 318
40 775
228 710
622 196
207 490
269 105
119 146
231 582
385 558
131 12
14 224
112 221
306 318
52 777
4 15
2 74
457 32
9 68
201 51
601 408
682 258
140 175
50 45
455 199
444 97
178 216
72 606
245 4
363 345
149 248
27 241
18 188
210 599
786 374
792 652
114 99
468 592
527 490
364 303
20 23
60 48
268 379
114 458
120 56
85 79
374 152
10 3
21 8
66 493
166 165
511 155
141 696
79 24
319 755
8 3
52 505
161 82
179 271
167 268
687 33
717 302
314 530
299 514
198 113
332 81
600 95
406 450
456 104
22 299
360 105
65 151
714 763
712 791
210 163
788 458
323 402
537 39
746 722
17 29
243 604
330 12
101 41
632 670
112 115
548 528
171 281
117 70
542 366
319 38
25 70
598 440
605 91
1 28
203 483
250 249
386 263
552 53
271 376
392 110
403 351
619 326
144 50
333 246
575 370
80 209
108 62
464 164
141 30
419 142
153 453
38 14
498 336
119 16
122 338
726 291
818 590
293 100
538 383
460 304
177 124
623 542
39 86
83 481
282 371
553 162
540 676
10 39
163 615
242 190
127 22
540 471
354 31
165 234
302 156
372 811
206 568
282 185
641 188
233 288
560 334
4 257
802 401
501 354
574 252
787 544
435 438
475 446
54 249
207 684
81 8
48 19
285 350
118 186
814 447
756 545
613 540
211 494
16 266
744 183
89 66
224 669
588 626
97 90
234 306
74 78
304 422
18 19
300 55
694 358
141 406
690 367
477 126
260 121
259 810
590 4
747 85
253 383
699 735
34 20
618 364
155 126
347 263
292 284
153 74
259 169
254 482
581 271
93 343
388 64
686 70
94 370
326 267
215 181
337 233
591 379
242 567
401 99
19 187
396 34
470 525
387 635
74 84
719 640
263 152
90 65
352 663
19 666
521 102
367 397
153 642
201 781
762 660
361 441
616 173
723 174
223 160
707 453
789 204
3 517
603 243
657 328
760 591
303 585
113 128
443 304
94 145
104 231
480 38
562 449
56 7
334 695
196 113
338 655
83 289
198 310
14 230
77 528
382 149
72 67
28 681
121 255
112 189
1 400
430 157
96 190
290 157
297 22
262 50
195 407
253 111
16 10
536 110
325 277
561 98
389 222
516 156
235 119
174 10
414 342
82 17
309 86
24 10
103 183
14 8
35 13
66 243
37 246
46 30
767 141
317 50
487 111
134 124
25 66
546 817
228 84
20 91
229 117
11 32
573 559
182 46
361 652
738 120
621 26
226 90
702 397
40 121
533 81
167 49
378 365
461 703
224 672
465 449
202 639
348 431
321 359
151 519
80 3
129 22
174 267
321 87
18 99
737 778
485 481
643 186
15 176
731 573
130 342
159 122
432 496
556 446
147 87
467 539
82 294
83 92
252 586
805 394
570 102
578 87
2 6
250 727
627 429
30 358
4 18
122 225
336 207
39 240
254 152
38 75
9 214
58 137
159 611
44 25
596 518
11 132
304 44
111 2
340 58
123 640
98 78
130 30
27 237
608 207
547 801
217 276
357 467
470 128
54 38
394 42
646 58
89 102
296 90
537 544
740 510
53 157
103 323
725 138
543 343
551 121
390 204
361 583
493 535
409 362
91 125
542 572
592 609
278 187
10 33
263 634
507 80
36 43
505 602
2 1
512 471
188 284
452 580
134 158
139 42
706 386
122 83
380 332
174 417
322 97
108 298
713 634
630 55
50 168
421 274
308 31
63 739
468 321
250 502
284 362
322 408
331 299
100 329
550 220
411 199
220 117
589 493
58 69
534 287
141 181
133 60
8 30
44 49
161 559
274 126
150 173
252 424
10 199
85 163
270 139
796 188
412 318
650 493
40 27
25 103
32 76
515 455
728 564
524 319
605 688
38 577
471 375
365 269
534 691
44 52
11 442
203 367
210 238
167 737
712 412
217 63
497 23
56 71
203 252
111 492
715 133
504 195
346 223
648 367
228 391
779 746
141 232
809 126
135 32
51 28
313 270
625 167
614 483
140 21
317 434
185 491
67 353
222 207
352 807
35 105
275 305
287 67
397 753
405 531
150 30
742 58
800 772
169 203
4 11
165 193
295 812
17 4
59 256
10 12
355 138
683 510
271 373
305 662
637 93
327 24
174 247
180 446
478 470
410 75
361 144
61 62
28 185
60 172
518 783
27 95
