1000 4916
284 165
50 96
893 188
885 279
200 2
643 630
663 22
518 682
741 685
1000 755
336 976
202 446
290 513
732 32
473 418
823 923
131 922
593 516
961 377
888 222
82 365
403 865
486 573
346 501
179 167
16 515
128 536
643 276
937 444
312 516
565 335
851 579
191 820
748 618
531 577
179 212
738 213
867 659
238 828
956 932
282 497
761 196
82 655
636 298
174 402
454 675
201 925
292 44
863 472
442 430
285 196
365 602
818 715
504 383
896 794
307 487
568 478
712 720
337 343
493 88
791 203
995 490
298 70
79 384
263 638
157 747
34 929
802 736
94 10
624 967
56 567
737 618
898 632
344 834
541 96
439 536
261 861
79 250
172 296
480 445
64 790
230 553
632 279
604 299
469 443
628 114
274 110
537 486
439 279
901 728
386 244
813 49
210 701
726 994
1000 157
908 331
838 630
965 374
370 899
236 361
787 651
719 332
316 373
902 178
705 278
282 916
373 777
339 16
486 298
514 715
306 57
660 331
805 787
336 393
328 307
663 405
612 409
189 781
80 591
128 708
617 978
245 945
907 402
666 170
712 613
505 745
451 46
693 871
149 896
813 225
228 196
811 700
873 521
737 47
821 361
142 97
767 749
404 541
387 935
918 267
242 437
172 771
283 221
817 498
395 401
108 897
17 265
567 227
718 919
972 624
612 996
367 864
300 767
508 769
392 745
65 5
35 747
370 14
782 32
929 700
911 35
56 139
411 912
184 501
198 129
573 272
888 905
133 9
797 711
651 708
892 573
878 615
999 497
441 175
948 535
555 982
590 6
24 99
975 29
481 422
580 982
122 775
562 643
657 91
916 62
716 53
68 205
148 343
538 494
576 853
286 965
300 122
139 930
85 98
113 790
20 326
829 952
921 399
650 640
614 81
68 125
413 401
489 539
215 135
534 374
75 552
79 32
961 196
673 978
853 521
175 198
674 822
603 196
416 735
240 494
888 473
718 66
612 479
723 574
815 475
159 724
835 844
952 871
956 578
141 985
436 799
201 355
175 181
330 140
9 331
355 846
429 840
627 225
568 432
48 496
608 637
258 896
538 280
460 449
851 214
999 251
584 320
820 727
570 482
845 796
276 105
774 280
153 628
71 121
858 379
779 687
484 244
339 148
784 690
322 529
87 287
241 883
161 917
614 421
861 103
844 225
242 898
702 131
372 84
753 938
417 467
154 849
132 511
867 997
244 977
743 834
173 299
476 470
832 770
351 383
146 719
589 121
420 975
809 291
774 831
161 870
887 419
209 824
502 658
503 79
550 524
347 606
471 102
733 847
608 370
146 807
959 615
321 204
584 726
413 276
824 165
72 212
697 588
536 793
334 115
920 3
910 125
706 217
229 129
945 720
585 979
656 525
185 651
289 84
677 3
153 927
700 361
241 721
84 468
340 491
785 757
128 784
347 331
810 759
737 854
812 860
63 960
435 582
93 553
901 331
740 288
762 613
743 914
94 440
581 788
372 572
144 783
677 187
766 269
646 974
59 35
888 532
521 250
124 797
651 625
378 129
13 35
566 27
665 901
470 337
643 545
54 303
827 627
274 529
520 308
91 417
688 181
541 717
229 795
319 596
416 797
18 500
56 831
56 372
728 207
584 824
395 279
561 522
220 776
378 438
451 532
308 974
2 953
460 535
333 701
365 423
293 904
957 35
809 167
781 373
450 305
860 526
666 879
445 288
842 715
457 788
993 621
944 783
523 547
154 713
963 680
359 531
25 204
87 943
320 230
185 53
213 79
258 718
149 466
683 978
869 99
154 911
230 772
47 214
947 860
584 930
583 531
453 38
951 150
314 530
203 508
189 971
665 14
51 121
174 719
707 846
620 267
514 696
396 983
697 67
199 904
802 981
937 264
866 135
6 10
406 290
155 699
562 217
619 965
175 542
489 227
678 147
402 679
293 822
295 990
849 515
204 625
533 680
706 751
83 183
103 264
580 471
790 741
328 14
916 633
994 828
349 883
978 751
267 556
761 444
366 465
285 235
160 433
605 833
983 629
492 433
534 445
330 656
259 423
443 578
152 672
975 848
245 397
778 969
64 673
436 24
929 611
976 361
870 356
826 119
916 290
494 274
352 77
239 758
631 898
743 953
742 131
744 574
449 403
433 822
812 499
215 588
114 67
608 163
349 573
633 157
248 456
390 135
174 357
396 90
15 729
705 247
57 12
993 370
258 704
3 978
557 423
665 696
706 537
699 250
208 204
986 403
56 671
474 370
957 680
202 488
773 351
281 539
544 787
723 381
118 509
670 233
229 903
819 347
255 470
368 784
592 474
791 858
149 267
885 166
636 177
585 880
263 375
502 213
267 429
876 34
677 516
1 235
291 35
992 148
976 387
773 875
426 275
318 968
65 164
862 600
481 755
268 388
489 126
841 913
289 444
641 365
211 236
222 498
756 657
924 933
932 292
964 883
83 28
549 230
663 449
590 280
294 579
934 616
206 609
317 119
282 395
673 553
332 14
4 752
511 618
628 720
980 528
667 417
544 826
635 341
986 181
124 380
280 899
657 897
629 383
253 188
704 287
62 243
329 734
999 662
945 91
158 792
947 254
859 701
841 922
158 667
788 759
57 30
374 221
404 248
784 90
174 486
583 996
765 897
201 508
205 713
197 522
612 511
934 126
334 311
160 451
797 91
195 162
363 651
142 325
879 985
254 899
130 808
257 283
184 638
385 817
703 145
63 684
673 899
803 233
340 70
622 596
31 589
350 749
89 238
921 830
444 228
372 633
660 147
374 982
485 294
159 238
436 609
932 302
571 230
593 53
584 832
904 690
652 272
224 406
344 191
453 563
289 833
509 443
164 445
398 700
937 544
85 953
965 909
480 715
962 552
563 772
488 746
583 441
179 88
889 626
323 873
910 836
773 219
496 953
480 30
335 233
48 579
104 879
410 818
707 106
342 226
844 32
477 521
973 975
334 472
7 402
319 396
780 724
512 389
286 655
827 930
368 504
350 269
460 424
281 688
947 902
624 777
506 883
163 865
330 908
224 881
867 127
6 217
888 216
210 316
925 579
758 190
503 418
469 836
607 907
25 446
262 445
65 791
742 747
908 455
732 334
566 389
18 688
229 383
149 554
886 427
396 324
797 260
376 288
124 563
678 521
210 478
201 302
312 242
807 826
441 978
387 183
647 262
378 698
155 588
707 43
853 72
502 110
176 417
316 458
450 717
859 228
805 469
715 821
542 74
2 696
146 869
614 5
65 895
138 424
210 110
160 84
168 266
884 267
558 27
83 783
906 85
564 649
763 870
756 64
842 771
538 402
294 115
369 962
351 573
500 982
356 115
487 689
163 868
160 115
677 871
327 871
715 278
146 212
718 667
950 400
815 292
514 668
341 429
541 438
107 557
716 917
158 861
18 589
794 598
22 116
687 736
779 642
427 361
799 752
84 830
892 99
286 406
965 430
718 391
986 549
561 487
946 977
340 370
647 86
25 963
106 285
83 254
805 197
818 375
139 224
767 285
714 875
218 257
109 611
572 285
844 538
349 148
992 790
422 921
829 492
832 679
466 157
794 62
692 41
561 868
289 764
976 670
507 772
827 969
534 575
774 848
872 818
344 429
906 190
603 88
876 441
644 168
491 828
346 540
631 727
22 979
404 10
297 990
652 139
981 843
46 579
379 41
126 519
748 567
566 32
92 472
737 21
381 789
780 850
742 843
523 991
787 627
286 855
234 121
273 789
365 167
94 383
518 184
404 360
61 878
315 927
870 529
905 659
394 863
841 928
509 18
861 317
730 51
628 472
497 618
200 711
867 916
100 110
746 658
728 953
140 466
217 782
950 678
38 667
488 813
611 49
297 185
170 770
465 658
154 632
108 932
358 167
505 753
251 430
697 621
344 561
660 194
436 223
19 217
772 337
554 684
576 492
480 49
64 217
337 472
815 477
617 446
781 541
543 962
396 796
608 829
515 283
94 813
773 117
4 573
973 417
839 251
268 43
229 230
800 430
639 654
395 393
234 243
128 711
915 869
133 214
683 852
188 366
956 661
337 250
924 90
139 818
254 364
251 604
985 745
414 987
78 571
257 675
807 96
993 236
612 392
908 900
79 414
544 109
504 922
980 715
963 667
655 156
730 392
440 71
146 563
826 49
310 838
493 542
404 850
904 869
887 325
347 651
563 40
729 208
641 886
617 277
992 558
535 847
832 226
404 193
15 449
619 769
249 622
130 225
107 632
905 846
291 243
592 813
19 779
916 401
21 638
960 187
797 402
194 540
447 370
565 571
896 280
770 587
862 253
956 175
262 482
315 708
652 990
279 865
815 64
268 458
17 36
275 233
756 313
901 101
597 438
18 766
228 271
581 690
692 971
532 766
534 402
951 686
705 227
202 123
130 460
704 771
669 271
229 483
29 912
984 393
493 163
114 88
186 701
357 971
634 898
103 912
435 807
323 695
932 757
101 615
612 609
631 370
114 850
961 213
34 446
231 271
801 524
802 370
607 527
38 373
461 849
406 393
692 524
338 467
502 358
565 145
118 686
15 240
951 679
932 939
113 687
921 957
132 60
815 345
339 528
211 711
581 588
712 864
694 869
550 222
933 814
332 836
595 448
351 217
620 689
50 372
107 443
450 525
932 39
735 103
759 971
761 408
629 399
318 663
542 456
619 982
107 131
202 808
929 711
52 92
18 156
805 896
863 953
554 823
992 318
466 524
762 633
779 301
139 519
376 595
33 579
463 251
375 444
328 726
144 900
535 445
222 279
124 452
300 648
387 904
319 920
23 402
559 579
15 369
128 349
541 751
81 840
409 753
901 577
524 994
341 348
819 14
879 362
592 604
312 25
755 495
521 720
339 873
633 33
191 291
819 756
180 878
1 642
471 531
365 236
618 214
62 788
903 673
501 865
997 44
374 271
600 826
656 439
697 974
55 431
348 219
536 109
631 102
25 547
390 911
744 794
391 937
211 776
983 947
350 581
977 497
580 933
312 742
276 415
261 24
17 731
365 343
360 264
360 658
416 223
571 840
55 824
776 987
186 569
871 111
638 715
614 555
817 925
929 919
52 501
784 982
934 432
413 126
416 264
809 870
292 938
976 651
595 753
297 417
832 751
115 415
851 752
412 285
377 147
512 82
17 916
16 924
327 804
218 933
644 140
148 233
955 235
386 249
13 41
978 383
6 332
818 212
621 832
286 27
340 438
472 499
186 600
867 265
58 673
488 862
186 407
624 461
777 552
133 71
561 193
265 618
692 458
328 687
273 151
438 587
313 8
29 667
358 513
722 673
979 341
245 686
317 753
232 515
910 639
889 820
452 8
514 31
862 482
497 673
114 689
797 217
575 987
672 863
289 9
86 331
363 644
345 264
398 518
788 142
275 53
703 276
884 186
6 681
776 600
872 578
174 147
603 879
585 808
159 351
876 806
881 479
934 291
600 49
882 573
919 725
993 518
317 238
652 74
211 394
861 891
452 555
841 7
732 357
471 574
807 373
43 750
24 743
885 584
897 682
541 575
247 360
263 391
619 406
289 709
897 902
628 850
237 703
370 424
860 40
449 799
512 763
85 39
887 878
876 654
18 473
551 193
916 322
78 120
443 461
282 991
542 899
746 725
251 516
158 48
852 98
141 830
240 472
130 196
153 554
707 793
262 226
376 519
890 408
412 169
940 912
509 138
609 751
518 227
731 776
319 29
833 262
191 328
525 147
853 262
193 797
940 856
658 427
876 630
731 854
18 10
74 127
575 588
973 215
294 935
792 978
759 49
10 711
687 131
636 375
672 696
608 11
451 190
731 429
142 219
753 437
436 71
236 868
338 362
976 527
240 295
634 808
182 657
908 67
602 178
108 832
144 971
933 522
238 190
969 93
792 326
488 402
816 482
649 427
355 437
376 89
780 594
451 818
90 715
19 183
700 295
719 623
484 455
213 117
565 192
641 951
181 417
107 781
829 449
294 990
538 295
668 207
742 66
561 982
788 752
48 751
607 755
692 197
781 462
610 858
220 933
748 760
901 388
903 981
600 407
997 299
543 4
211 824
841 515
483 235
678 131
735 507
55 789
901 602
393 828
885 747
523 495
244 629
339 340
218 724
108 725
980 402
844 375
902 987
601 708
4 595
59 536
48 194
672 780
957 669
886 854
969 267
882 417
509 13
221 462
22 129
667 361
631 88
748 232
635 982
997 821
48 81
174 497
656 272
451 172
894 384
182 475
878 804
628 116
455 204
540 8
281 540
762 325
357 623
980 681
50 316
88 119
674 706
767 212
549 906
353 156
970 594
737 606
148 462
510 941
936 69
652 110
229 112
749 196
568 304
523 268
988 739
609 754
367 230
169 299
647 496
6 504
330 352
440 294
581 33
391 566
123 572
507 483
951 825
675 691
350 802
333 216
957 307
24 165
800 77
195 917
164 181
823 302
901 575
454 343
23 985
558 756
78 962
686 407
155 35
661 165
984 766
323 418
231 477
470 439
18 332
330 586
535 284
231 104
705 654
43 803
317 320
675 251
734 154
506 990
6 933
839 721
328 241
694 766
282 536
27 922
356 966
471 214
951 765
844 627
823 954
297 843
718 132
549 975
210 92
604 76
182 129
915 190
457 525
734 212
598 298
316 689
567 529
585 265
967 882
770 535
237 81
627 812
956 974
497 492
626 696
6 91
907 660
228 223
337 635
428 854
486 645
161 130
70 964
894 801
291 953
664 39
41 271
459 40
921 69
451 129
258 962
694 374
138 940
192 530
503 291
485 788
859 657
15 328
308 198
330 855
37 673
58 823
647 168
387 974
634 623
911 444
547 473
468 374
862 724
89 639
182 891
661 439
330 371
252 783
37 317
226 119
705 389
138 91
374 616
858 913
369 338
698 115
718 445
76 72
820 109
400 456
634 219
220 699
102 747
50 965
363 508
894 808
697 492
937 874
648 808
153 897
56 420
483 272
563 74
484 628
882 131
565 301
714 553
489 647
509 486
58 897
638 828
78 499
118 145
965 632
30 971
344 398
84 623
329 843
608 302
610 418
80 949
794 742
633 438
636 965
140 418
766 250
507 212
604 574
621 609
293 806
239 419
20 415
459 668
918 921
650 505
319 22
947 716
949 752
986 874
452 501
880 110
988 711
202 178
661 658
633 433
723 936
83 914
544 384
856 658
341 923
359 12
345 726
523 837
643 43
536 111
205 305
26 638
651 219
501 272
780 496
357 246
956 59
808 356
624 813
677 317
329 844
163 773
457 237
6 616
201 958
712 964
338 591
137 284
925 575
123 76
412 662
431 170
368 614
487 964
972 49
312 546
973 456
25 981
744 475
219 295
732 574
694 921
107 167
308 982
310 397
475 821
521 962
306 798
829 180
725 891
154 937
4 923
835 392
737 467
622 271
8 751
788 883
182 518
950 843
184 843
495 581
350 432
806 691
946 438
512 698
947 276
82 347
92 311
345 271
755 754
295 383
169 87
45 572
981 144
267 405
657 186
325 407
738 7
364 246
94 909
457 698
222 545
907 281
812 577
997 48
634 858
86 753
431 501
949 360
382 427
455 606
166 535
114 860
483 880
905 645
545 843
428 969
837 413
50 577
602 196
4 110
661 346
476 254
792 604
634 470
240 873
191 175
466 785
765 278
268 210
306 285
950 962
698 164
974 655
934 214
422 497
760 288
571 802
136 367
134 782
981 240
603 954
566 472
714 497
54 187
148 834
75 681
901 109
170 505
647 633
707 223
355 498
728 685
839 860
586 704
218 806
19 710
612 420
149 462
167 383
652 820
502 632
672 655
781 35
909 110
451 215
72 587
17 491
453 50
509 608
627 219
665 45
608 576
330 59
231 438
340 356
967 951
70 880
845 48
1 217
772 874
826 405
560 408
369 102
24 466
815 942
386 352
872 801
744 325
397 703
676 709
856 243
457 478
292 854
518 700
312 353
443 194
906 726
857 600
998 782
29 85
234 542
641 246
327 751
710 196
918 300
666 317
538 630
290 360
244 414
83 942
603 941
48 129
410 552
981 388
520 506
712 317
450 389
543 695
255 340
888 413
365 863
900 638
558 886
796 114
206 386
189 142
231 122
488 300
15 628
559 508
791 942
253 278
577 865
956 181
647 734
134 98
541 418
440 102
469 76
457 455
737 66
645 388
924 144
644 389
11 768
545 720
35 939
452 27
608 977
201 434
699 10
256 720
403 236
97 348
833 615
23 588
762 752
672 232
322 337
712 292
825 370
289 213
273 552
901 567
133 208
292 563
115 112
547 868
558 889
152 784
724 542
339 654
251 935
124 175
52 745
201 657
795 798
772 226
888 362
268 254
563 850
193 389
434 137
839 186
986 538
201 181
457 456
807 909
442 963
714 943
43 157
297 746
9 285
262 953
688 928
449 710
534 521
549 726
17 144
273 987
643 228
917 525
646 526
4 93
166 964
247 141
852 54
284 843
322 424
359 38
452 708
949 2
453 947
220 405
129 517
293 591
447 538
773 840
249 840
838 890
547 36
305 433
70 302
76 421
58 219
494 272
921 228
957 766
82 293
618 499
64 324
712 703
197 366
548 474
15 166
950 466
291 60
924 307
257 252
646 955
631 781
565 825
18 894
310 123
347 751
42 326
78 440
561 930
800 614
747 500
35 225
841 292
986 970
584 260
666 441
723 661
613 553
652 687
709 938
161 367
16 21
231 337
454 63
94 968
754 954
506 289
460 223
703 109
118 72
724 659
263 369
145 527
38 563
458 456
42 869
650 612
705 140
689 519
544 345
457 395
503 328
693 381
767 785
201 816
273 280
700 596
310 935
203 614
80 814
592 658
210 190
873 262
103 393
929 642
731 87
474 782
146 291
988 539
737 311
496 105
99 212
944 519
634 508
245 968
317 117
356 717
716 866
17 534
147 119
661 940
294 250
354 772
78 605
937 866
210 919
449 498
999 974
837 74
693 469
345 639
489 866
586 60
39 274
901 54
61 822
919 53
502 551
963 51
55 811
432 953
859 703
768 35
128 744
497 594
520 878
765 575
958 399
946 930
447 243
583 998
136 604
786 955
574 545
127 524
424 49
118 421
664 836
703 473
282 807
888 664
301 468
799 341
656 775
354 604
951 446
20 524
22 941
313 799
406 923
838 47
155 850
63 869
118 527
794 701
855 393
603 336
345 909
894 778
951 47
148 883
632 939
146 778
811 280
742 773
211 213
484 29
270 895
398 222
608 313
239 675
82 606
175 472
920 602
480 359
9 861
653 39
910 704
551 11
677 278
570 304
94 184
663 114
576 28
188 671
911 91
284 395
267 325
928 125
345 147
471 40
827 710
422 688
205 561
755 793
755 3
462 782
856 513
837 60
977 47
520 434
755 735
28 204
331 388
766 389
505 213
100 818
255 785
672 781
486 181
435 857
827 107
349 739
776 81
607 424
470 85
291 954
339 126
509 805
693 526
984 958
72 899
567 101
849 700
697 868
682 874
790 799
761 486
36 695
889 204
122 12
378 485
286 127
290 98
697 546
937 115
477 858
738 868
795 125
464 262
286 864
766 405
693 656
487 364
16 670
11 394
94 823
781 869
667 39
120 109
636 302
908 779
956 210
363 409
680 954
454 453
863 513
992 33
908 898
666 373
149 967
906 881
134 678
908 589
634 307
134 476
858 131
896 295
861 555
177 458
516 471
257 499
576 933
663 591
888 225
905 389
337 752
340 238
512 375
661 90
993 119
939 223
711 991
975 721
815 448
372 926
963 725
665 372
287 600
617 363
576 680
330 151
507 532
574 953
42 214
408 757
268 763
317 891
980 919
620 961
434 364
306 569
532 962
991 103
20 180
296 341
114 708
128 674
704 849
592 73
480 208
488 775
268 48
676 834
626 222
808 5
620 167
149 787
454 746
426 904
167 269
10 587
523 843
582 75
714 915
674 713
559 553
91 902
365 27
476 501
203 632
21 959
794 75
461 253
463 690
869 854
265 485
494 73
72 879
159 961
398 11
561 706
37 132
572 836
518 199
167 943
225 343
152 945
561 393
839 782
674 522
678 962
450 940
325 40
760 406
867 913
274 709
601 572
376 852
984 233
474 303
568 488
399 89
661 438
129 589
811 930
740 750
335 572
887 364
194 109
729 526
718 276
253 856
618 919
881 602
59 148
257 382
1000 91
919 178
829 477
155 823
466 990
340 99
434 399
804 274
722 578
788 97
421 147
593 322
210 691
416 85
161 11
16 845
896 289
457 26
41 384
349 711
903 623
392 782
51 828
263 155
124 796
693 610
580 295
894 630
142 3
535 782
771 137
934 631
442 273
408 812
443 511
173 532
444 812
601 950
484 798
323 408
870 955
932 412
252 962
149 321
450 487
706 865
376 569
801 165
434 979
785 953
435 342
435 781
310 395
992 94
539 930
739 197
759 519
46 188
138 766
983 479
397 673
399 579
398 761
440 528
38 415
167 743
169 498
816 155
562 630
263 144
503 417
819 349
560 219
626 574
453 546
549 252
937 199
276 922
354 861
200 112
889 241
300 411
150 272
158 9
253 874
326 53
571 67
555 407
312 547
676 524
595 67
478 709
724 360
480 516
672 259
321 735
451 772
175 751
876 99
237 897
571 186
352 335
920 540
704 782
775 860
786 749
16 457
721 49
400 538
807 721
661 419
150 214
564 848
610 861
413 828
791 698
290 41
440 849
123 187
23 834
409 90
447 461
285 482
180 622
460 561
662 127
184 478
629 248
77 651
813 566
443 183
338 909
134 594
872 237
195 13
714 752
968 444
570 195
201 361
591 60
849 120
480 997
209 217
1000 252
356 994
837 412
762 708
509 614
293 521
202 901
171 734
301 209
811 364
999 550
310 713
777 793
412 84
716 109
75 148
19 295
723 151
861 60
599 871
730 47
748 322
748 556
878 479
760 648
572 573
650 582
152 613
887 151
898 840
232 254
163 478
977 148
232 704
127 89
224 424
918 640
25 28
798 954
322 777
551 365
40 490
22 517
166 670
949 775
170 853
679 613
167 377
140 496
693 49
880 429
440 863
420 577
666 536
23 421
617 609
245 923
391 140
436 762
430 850
839 376
287 79
877 272
365 572
220 788
704 8
488 63
423 74
631 801
862 364
339 276
287 490
181 751
662 248
22 214
116 162
906 243
339 539
376 783
358 419
601 690
379 192
698 478
1 425
788 243
719 878
281 316
194 208
214 953
412 324
674 659
677 645
502 144
473 415
571 504
936 373
916 287
338 51
60 109
9 528
272 432
908 40
858 836
31 162
507 325
159 436
507 575
758 438
992 311
159 303
352 33
133 228
134 186
191 434
855 92
768 531
767 688
950 933
510 278
330 175
21 863
336 757
376 223
724 499
174 611
601 360
766 39
833 656
642 871
809 832
510 826
441 350
385 697
518 516
23 700
851 858
896 836
447 400
31 719
748 851
547 629
454 933
992 741
239 615
510 901
349 665
167 348
723 631
209 494
138 105
449 563
657 594
583 35
252 324
162 115
435 275
629 9
984 241
167 301
740 526
835 479
505 475
286 383
397 685
469 939
1 522
198 311
791 39
80 492
886 483
669 860
211 169
160 436
15 980
150 399
238 92
20 3
629 387
168 745
995 914
893 263
825 679
390 88
853 587
378 112
972 758
108 604
624 269
698 524
678 101
936 324
384 630
771 895
800 243
839 359
586 217
804 144
733 22
454 84
293 271
459 468
956 910
17 557
957 622
373 753
249 681
124 531
838 970
878 927
827 78
496 681
973 953
188 215
208 680
851 324
47 225
449 178
231 19
237 669
787 790
844 938
206 614
590 905
61 432
561 111
579 600
872 585
546 285
656 240
890 948
473 498
255 467
434 802
363 631
631 297
778 309
209 931
860 552
289 925
604 743
473 99
2 501
310 821
791 537
956 901
205 33
704 283
62 207
815 407
908 731
175 355
657 32
968 384
126 104
551 441
917 542
242 669
168 925
888 674
888 87
476 436
835 716
999 182
232 80
160 797
452 715
911 785
453 30
881 325
218 949
185 446
811 587
975 185
148 846
120 891
212 414
620 371
86 14
469 297
811 787
734 511
809 625
487 987
868 212
924 665
961 129
707 366
792 177
447 28
827 955
436 677
567 880
932 467
986 792
493 921
350 745
991 357
919 8
624 537
853 959
346 487
474 720
570 557
57 35
67 465
77 341
630 405
904 654
118 185
9 859
391 698
211 806
548 250
585 386
984 92
733 778
36 813
809 375
369 418
563 190
958 287
301 768
283 5
963 848
124 858
984 800
967 904
305 720
129 85
509 859
203 656
838 659
87 989
191 112
407 433
707 768
770 939
672 932
893 53
162 746
694 627
400 246
346 741
629 176
518 886
759 556
903 331
101 828
617 19
502 575
155 347
578 302
127 679
956 733
612 274
647 984
546 778
484 632
581 678
214 553
234 270
859 804
159 695
56 289
829 527
578 836
209 482
261 99
320 545
726 923
946 813
891 865
603 238
566 278
677 498
221 895
972 25
369 168
34 596
102 27
389 207
210 467
191 770
620 496
252 812
441 168
661 184
537 279
368 993
481 502
672 148
911 304
802 949
110 446
507 492
126 456
678 990
76 690
772 407
956 1
300 691
631 90
975 905
138 790
653 490
714 178
394 777
714 898
307 104
952 553
387 176
527 117
934 135
367 2
455 483
353 941
461 388
329 831
7 632
564 798
410 649
565 579
413 246
114 165
507 438
605 151
453 154
244 203
318 244
368 217
683 79
460 252
816 402
950 739
762 991
267 458
717 671
108 718
677 112
881 519
554 781
459 60
404 350
810 860
798 401
661 767
395 987
712 231
490 922
824 417
810 219
454 881
128 360
592 845
4 32
113 494
174 50
570 210
505 370
549 844
680 757
934 901
915 366
38 830
2 695
171 833
577 710
404 395
100 536
925 494
55 944
214 822
549 851
379 28
808 772
571 288
957 566
129 824
976 458
932 250
136 726
409 600
868 616
947 763
730 233
672 275
842 373
734 106
665 517
200 541
441 111
459 632
851 129
263 482
374 830
330 626
17 968
884 137
977 563
256 665
992 525
242 69
734 818
44 569
674 757
502 80
306 63
341 895
855 544
17 428
626 530
273 397
970 13
349 331
459 9
666 492
722 1
333 747
282 824
890 213
484 873
439 250
78 895
885 861
397 89
970 365
220 137
859 298
898 929
186 322
556 709
633 685
686 527
281 929
449 540
636 544
358 588
731 226
824 448
783 912
996 377
690 252
810 389
15 213
99 588
787 449
834 745
409 927
818 623
597 98
46 793
123 409
268 89
970 434
643 616
401 117
197 982
459 372
630 456
76 979
636 428
319 960
431 847
267 166
378 754
159 348
397 449
894 302
255 285
864 250
61 41
385 762
885 225
152 848
689 830
209 865
377 588
46 582
661 613
969 715
861 941
182 349
627 141
516 930
761 425
467 757
578 987
867 699
544 284
232 464
908 930
384 524
985 446
548 70
791 659
73 418
572 279
38 10
350 349
118 400
890 261
514 998
391 80
428 990
712 839
603 37
514 815
988 455
932 372
56 341
276 207
755 158
712 47
718 763
560 779
707 972
908 635
692 373
833 491
25 969
678 659
256 774
993 979
846 235
758 733
209 407
924 461
800 798
82 746
503 600
766 248
306 449
78 448
146 384
719 119
377 573
650 487
228 207
784 727
714 719
74 622
607 215
917 400
442 906
819 572
151 998
562 468
691 798
714 708
449 194
503 307
893 348
143 403
255 690
390 148
735 228
55 939
638 871
598 425
300 952
742 931
231 80
146 927
593 438
293 860
19 449
206 310
262 73
564 372
461 277
528 490
638 277
910 350
801 954
694 76
930 853
273 875
454 533
543 230
536 783
292 752
665 941
557 316
683 662
955 208
733 185
425 215
963 513
843 407
326 69
918 120
534 596
993 771
927 914
561 906
601 741
967 609
413 906
949 616
143 156
558 175
636 308
947 296
666 996
791 122
903 913
481 746
704 958
999 247
31 746
590 384
641 533
731 602
435 137
988 945
240 394
610 777
348 272
95 772
956 170
152 752
670 278
911 356
257 899
255 409
398 166
665 679
322 226
981 85
253 957
744 622
236 348
86 759
786 729
696 92
20 225
519 871
666 226
957 929
924 591
182 754
485 379
659 266
985 919
958 73
38 965
554 500
258 39
280 531
401 939
337 233
869 912
17 425
300 249
175 981
903 622
128 583
36 430
663 897
617 846
731 517
268 969
51 491
733 49
238 895
477 904
684 32
463 656
290 314
873 572
692 96
693 950
876 996
239 297
884 50
428 112
892 840
9 377
82 609
28 120
194 272
910 529
55 769
484 252
205 769
128 345
457 415
719 864
241 324
315 358
134 224
154 127
373 361
874 462
985 782
875 27
216 119
4 578
306 863
163 487
772 254
133 485
43 272
889 139
45 322
945 169
231 257
598 2
601 837
73 490
662 709
833 225
130 151
406 594
218 217
665 197
265 965
451 305
16 786
363 443
536 478
792 72
901 298
132 38
578 681
365 417
467 922
363 773
265 768
602 969
859 717
733 812
699 555
222 421
171 888
704 899
318 562
911 89
47 186
506 751
796 949
33 971
732 139
661 475
547 996
334 327
579 190
413 743
321 773
911 424
731 990
386 622
55 938
149 365
332 446
997 670
63 358
528 456
193 822
859 597
872 521
842 397
992 114
955 102
683 736
81 821
722 829
649 343
11 635
512 745
381 395
35 826
722 442
1 417
164 43
539 635
485 848
610 280
559 985
429 622
37 834
893 628
557 195
547 628
586 76
291 533
347 7
273 452
102 322
591 871
282 647
122 115
459 475
768 929
643 97
349 168
918 246
222 515
426 301
124 96
173 595
800 935
581 659
620 37
322 736
234 181
716 602
571 222
568 534
191 482
422 250
812 361
885 813
140 274
937 449
503 848
520 375
200 76
699 114
983 785
149 738
298 437
632 79
940 120
888 185
118 196
268 204
323 800
428 753
231 479
88 919
892 928
344 630
454 625
932 532
717 362
168 292
918 579
282 654
707 812
926 462
512 985
124 362
363 994
568 272
182 261
139 899
205 849
313 448
593 963
492 164
100 451
797 754
657 987
231 840
586 412
400 746
674 169
401 165
663 703
42 145
86 228
760 721
634 269
619 291
620 179
983 393
748 717
933 207
510 400
347 798
310 362
495 36
171 879
885 830
353 587
386 437
473 225
858 943
62 793
179 177
70 295
308 611
780 711
888 965
907 632
835 882
450 278
290 545
145 525
699 365
495 506
742 360
760 873
872 942
619 753
907 292
697 356
69 720
28 994
785 573
237 847
937 681
331 221
739 383
776 499
522 654
64 618
193 28
675 26
162 526
400 935
769 895
426 906
245 163
323 1
150 600
489 437
368 294
707 448
1000 555
589 467
638 552
189 597
590 609
827 881
349 461
60 219
191 355
118 522
139 716
709 125
755 36
986 184
161 856
550 466
643 332
885 865
520 129
261 327
724 417
391 434
945 95
598 883
86 233
416 272
658 883
677 552
182 605
368 462
539 28
428 487
896 828
890 335
619 647
907 682
403 377
50 195
31 423
497 806
56 689
770 309
761 474
646 272
728 834
195 166
548 836
144 403
236 92
788 465
599 582
755 926
766 736
259 600
22 468
705 696
934 218
7 207
318 245
265 463
51 871
768 600
108 729
199 178
805 595
898 215
455 659
259 745
867 742
493 850
123 508
983 39
877 43
644 220
961 112
488 380
780 473
192 923
728 527
547 117
451 168
508 642
292 600
585 676
404 114
426 925
740 769
770 517
357 611
285 679
640 405
732 478
686 338
718 420
590 409
684 89
63 721
742 756
428 287
825 987
488 50
87 122
452 405
400 691
610 526
42 860
268 117
971 713
893 883
969 448
862 477
497 578
350 188
406 754
6 407
501 709
155 446
253 729
84 965
618 832
532 574
835 917
90 44
950 326
881 367
57 157
459 209
481 889
23 810
947 367
542 500
983 215
215 73
397 38
41 482
201 240
679 5
845 285
55 255
97 423
826 530
871 119
322 250
216 361
731 151
911 86
754 217
921 978
761 198
191 49
543 275
107 84
876 606
425 864
988 621
477 122
668 531
704 860
727 389
988 540
386 749
443 490
665 85
763 331
211 630
378 490
268 138
950 990
520 75
440 137
705 246
232 150
802 597
431 290
937 304
796 183
447 757
160 119
640 92
406 27
592 837
445 611
740 409
323 132
715 5
46 24
65 432
114 738
434 253
163 566
698 305
737 589
369 77
242 213
171 211
320 567
210 298
677 144
515 717
166 383
202 653
296 117
386 340
647 82
354 362
465 309
19 745
730 241
342 700
879 622
845 522
845 85
331 429
762 575
809 273
599 109
211 294
729 370
747 895
975 345
128 717
1 8
428 292
151 271
245 464
338 274
297 199
604 70
299 854
18 298
532 525
552 836
576 949
477 253
975 98
146 864
759 156
797 713
155 50
602 156
170 157
158 470
877 305
507 741
493 989
78 875
624 398
921 162
754 840
330 534
583 281
137 262
34 695
102 165
377 119
529 402
231 771
967 686
289 67
569 190
734 895
328 695
664 533
380 605
675 521
486 343
574 589
924 270
334 292
381 930
368 788
450 122
593 721
351 225
686 316
62 673
11 689
358 200
505 260
816 765
465 125
717 942
996 295
817 193
163 505
973 251
579 531
984 97
340 690
30 857
434 126
163 91
311 388
758 714
559 162
583 467
83 144
444 854
268 505
910 976
566 613
16 764
543 18
183 848
25 195
683 654
496 638
297 175
338 373
546 974
484 33
431 538
652 342
560 38
369 306
716 129
155 848
794 639
870 32
122 226
476 77
585 336
153 875
25 678
805 501
510 30
38 859
558 447
646 849
723 596
480 642
26 89
691 575
618 613
802 518
267 747
215 106
811 567
734 436
268 525
222 573
960 401
635 679
395 622
965 219
234 87
549 412
704 187
55 71
293 456
77 395
648 366
966 178
672 372
486 828
136 540
548 657
806 928
474 194
554 47
145 187
915 345
367 877
334 704
802 527
634 903
780 490
379 67
496 669
576 812
149 821
918 941
481 919
474 517
944 739
979 689
232 362
983 578
107 499
585 787
605 204
327 613
172 866
536 418
634 676
647 438
863 437
335 272
817 399
515 814
714 324
571 526
203 552
735 787
386 126
369 670
936 227
815 801
368 530
672 198
280 783
162 985
253 67
239 741
628 49
296 314
495 250
155 97
447 936
543 647
897 101
451 157
283 14
128 600
610 717
257 868
24 537
161 888
944 853
63 482
818 882
428 669
857 309
927 830
767 341
841 102
808 751
329 263
38 531
972 34
130 157
901 671
646 295
333 818
694 501
104 939
527 927
162 865
69 941
287 556
110 588
718 271
702 944
23 763
442 920
744 347
483 305
598 95
321 993
672 823
433 178
859 759
581 370
272 112
921 676
558 733
37 843
828 938
850 14
355 843
784 534
968 628
108 625
186 185
291 614
937 103
256 995
652 967
116 891
962 954
962 615
231 628
484 231
175 216
388 883
344 220
396 941
597 578
992 141
595 88
901 22
463 264
720 279
765 526
968 752
312 319
241 367
520 313
763 98
354 582
188 625
300 91
102 971
784 264
417 814
640 626
164 987
643 437
327 196
292 122
884 764
867 83
903 586
958 382
542 979
92 577
742 974
323 580
837 285
72 964
372 53
678 676
823 990
457 142
202 772
336 730
133 646
743 902
961 750
157 725
853 552
488 532
33 274
344 366
696 899
143 392
907 29
594 840
978 427
105 710
744 911
369 615
247 196
784 811
214 322
72 749
420 47
937 783
452 297
761 588
779 439
634 697
12 875
342 486
876 669
128 702
788 335
453 951
163 277
973 128
350 102
497 331
779 4
525 77
46 517
486 939
488 278
824 667
256 151
914 432
200 618
94 534
352 75
413 39
25 782
905 49
100 728
84 197
345 990
980 897
964 596
180 881
593 240
118 857
550 430
58 277
386 614
443 814
870 156
888 246
829 21
563 708
838 544
416 226
452 474
454 793
346 702
648 305
816 877
610 117
835 933
124 645
582 772
455 29
7 74
716 219
844 941
421 588
967 929
607 708
864 187
561 575
321 306
84 556
704 423
328 348
2 472
58 685
20 831
503 895
147 865
945 211
129 207
451 406
26 421
163 106
308 532
257 526
662 14
114 145
149 963
866 695
482 383
83 985
7 92
842 496
748 925
404 582
859 105
452 449
764 433
492 227
700 600
607 764
224 45
334 703
275 751
525 238
770 782
633 687
145 821
717 615
648 573
763 756
150 29
819 596
555 388
128 515
581 279
160 887
784 396
844 366
404 920
556 566
318 866
942 577
284 40
360 393
16 41
161 232
876 484
400 250
999 560
701 527
61 541
227 14
816 908
11 528
765 820
263 846
291 225
50 899
17 316
514 18
878 371
979 27
155 59
493 815
683 771
218 770
996 141
404 325
673 230
729 879
180 466
988 391
474 326
163 604
627 990
616 913
805 529
557 556
986 842
817 252
197 433
663 177
608 658
146 433
253 287
574 931
397 199
975 615
65 775
597 614
230 524
434 466
69 823
568 234
549 904
134 824
565 782
661 180
684 865
166 456
918 717
758 22
408 337
706 8
543 304
174 376
639 305
90 639
51 944
36 940
330 820
420 67
314 432
152 267
26 198
887 504
335 215
636 741
416 821
971 190
700 362
450 579
712 275
579 411
394 14
566 285
152 717
440 320
256 989
506 317
773 680
239 929
165 990
779 746
102 135
763 859
68 371
391 515
16 675
146 622
712 867
665 199
404 797
497 341
857 651
248 482
795 691
977 486
640 72
750 279
200 26
56 436
146 315
557 397
101 651
945 928
881 679
932 465
510 394
612 483
977 749
82 373
525 106
528 35
742 219
602 754
765 774
34 701
329 827
733 946
457 257
827 311
166 828
915 749
118 80
10 121
671 364
86 708
675 80
967 709
17 217
268 42
350 786
132 97
845 852
903 322
819 979
484 7
410 942
123 500
876 252
841 372
559 971
511 869
19 740
497 577
116 157
758 580
229 879
502 679
23 338
101 465
748 477
108 554
827 871
680 752
164 417
787 747
644 107
365 811
166 676
831 998
100 531
881 821
319 804
251 559
677 532
250 982
484 8
297 266
213 93
945 989
992 198
665 411
975 7
650 449
62 595
890 48
507 461
78 832
893 197
287 458
859 384
551 899
510 623
114 377
958 316
97 860
802 710
450 530
562 582
620 965
507 487
878 922
364 446
315 943
665 66
791 91
334 87
690 800
503 773
749 482
253 29
454 331
864 238
612 401
260 270
631 962
318 28
992 201
910 783
893 109
992 830
347 73
536 821
562 317
443 151
617 544
644 957
393 865
13 14
778 611
255 79
667 729
385 18
866 32
162 5
827 150
852 243
211 237
34 27
176 462
580 105
620 572
144 525
722 453
36 438
733 678
565 942
350 602
631 511
245 470
463 960
800 659
657 70
208 689
431 42
50 196
881 280
199 517
917 904
829 451
443 648
633 117
631 518
824 935
816 653
582 284
282 180
485 969
128 303
607 82
664 188
665 357
169 822
24 736
173 432
972 301
270 32
107 180
949 165
472 343
554 674
252 370
293 897
476 359
344 905
386 923
593 544
425 236
523 155
104 429
973 643
336 381
915 858
454 342
20 190
80 438
995 530
592 302
58 354
533 530
133 197
114 589
171 203
262 93
173 227
211 464
229 19
947 602
732 699
159 495
859 90
328 148
291 104
590 588
2 566
352 709
901 117
557 200
23 929
18 745
155 765
621 917
50 961
911 497
230 384
181 212
182 194
166 93
665 287
404 373
904 715
428 190
925 843
857 250
730 360
197 783
695 954
771 632
645 129
791 102
116 260
37 444
999 195
512 891
303 501
692 537
81 552
107 542
642 498
787 848
128 965
769 374
554 518
39 504
79 746
431 79
64 262
778 949
141 446
567 217
882 491
755 75
366 285
810 831
153 80
372 76
523 516
302 190
674 511
641 880
381 309
203 573
755 248
349 225
132 76
153 667
941 104
9 799
564 933
500 654
974 112
268 73
659 843
372 99
950 222
933 830
438 953
726 266
331 555
961 45
82 517
943 501
428 537
506 713
395 285
16 1
514 256
698 613
95 938
807 682
149 811
48 437
830 793
742 346
173 522
83 43
908 963
447 449
33 962
164 785
16 613
239 436
455 88
884 372
558 903
179 759
580 109
69 783
496 151
396 715
506 959
130 462
42 362
475 322
644 852
612 769
496 658
193 525
372 250
10 325
618 209
251 341
967 556
291 372
58 73
23 661
209 825
981 752
170 144
910 233
108 636
324 577
163 507
662 899
404 813
169 91
650 971
234 736
724 259
68 554
62 803
284 522
528 483
979 974
485 594
732 392
842 271
769 613
365 252
661 575
293 186
160 582
920 886
652 938
138 540
325 670
956 533
933 863
453 842
313 530
206 217
903 141
906 691
907 214
36 958
507 964
401 953
516 277
558 918
918 385
497 91
547 810
815 657
467 895
416 884
182 859
934 257
755 945
916 833
901 525
739 126
206 262
927 850
688 411
191 759
306 95
252 314
146 491
718 808
180 54
404 410
346 578
815 503
543 932
870 102
161 750
161 785
951 105
510 235
917 425
796 448
816 889
545 285
284 295
101 611
749 922
734 193
754 374
113 326
774 808
594 121
466 32
310 647
791 328
546 843
182 743
134 667
198 185
831 314
612 533
21 625
940 727
48 492
534 482
161 195
255 393
806 959
728 684
650 588
885 680
848 530
172 658
943 230
231 144
267 987
536 750
859 5
515 935
329 152
986 946
114 572
560 849
903 131
817 70
249 977
29 424
657 458
839 998
56 656
198 865
970 556
717 635
719 316
934 178
632 941
410 679
802 696
50 181
933 616
985 679
555 912
76 578
919 709
191 29
705 729
876 201
549 555
140 377
172 799
72 671
803 277
571 362
972 81
258 236
276 552
443 808
420 857
742 465
230 752
191 842
857 874
205 698
82 942
733 637
936 119
628 408
404 287
962 99
540 361
561 456
154 905
38 32
619 224
47 267
341 836
640 586
932 664
58 109
133 637
977 196
541 262
700 530
339 658
244 501
450 92
197 43
815 388
376 66
86 678
512 265
508 922
842 291
769 577
916 656
810 127
683 135
59 762
886 119
887 127
706 745
49 125
929 208
458 341
114 230
186 747
901 213
598 494
191 126
263 541
985 681
674 91
197 990
509 401
660 983
34 814
592 773
350 110
170 752
724 116
903 464
249 281
321 868
379 909
506 767
195 863
416 235
995 73
626 28
463 667
865 615
312 609
920 683
885 530
870 752
619 944
722 494
632 272
1000 183
731 814
128 25
231 325
352 653
115 411
888 559
734 776
283 337
896 107
814 941
140 779
490 954
514 431
568 822
183 824
866 433
888 83
387 528
229 357
624 168
128 653
456 223
20 381
130 959
585 824
941 456
392 252
157 782
216 939
675 228
485 44
180 326
509 838
129 277
384 27
332 101
665 446
993 537
777 596
136 225
593 798
229 71
818 347
824 922
784 87
568 410
344 185
996 219
139 669
722 661
65 190
999 802
543 897
837 478
768 32
17 134
363 446
697 996
934 971
666 928
644 23
390 446
66 343
229 853
984 376
983 384
489 497
841 868
18 466
620 113
717 212
310 554
459 274
80 39
890 760
194 126
647 870
378 897
505 895
819 36
753 843
661 66
202 364
257 260
313 569
65 714
724 316
544 741
506 233
174 270
547 935
514 526
968 645
734 397
439 95
586 591
386 957
888 573
692 579
390 989
686 606
46 147
758 757
975 900
544 542
101 348
46 2
229 765
215 883
290 678
258 377
795 843
208 414
336 355
669 106
672 556
195 168
903 654
663 66
678 141
37 27
365 638
130 216
441 232
378 156
650 899
315 515
870 741
887 281
599 787
947 92
162 745
853 623
118 385
117 196
242 401
232 987
464 86
889 800
163 633
628 27
153 610
586 832
327 803
809 753
155 443
420 264
191 996
90 35
146 836
290 874
718 571
256 806
39 613
705 518
247 194
61 472
734 379
378 486
394 579
42 623
572 625
367 119
224 751
996 776
118 81
800 877
268 915
252 181
442 919
733 546
972 515
184 567
527 828
39 843
425 76
