1000 4967
678 124
361 384
803 121
825 964
720 713
440 422
520 459
848 808
722 123
840 355
721 552
411 42
299 566
265 889
474 141
618 318
722 10
354 487
396 870
154 622
1000 77
954 744
139 237
699 805
505 786
217 933
381 191
203 214
132 218
722 157
351 941
389 378
119 786
91 385
431 915
803 891
532 283
128 508
531 653
122 672
300 784
692 926
235 726
192 393
699 996
404 614
441 980
754 328
316 442
797 580
853 653
85 56
33 767
285 518
567 947
489 544
254 815
628 643
257 503
919 668
810 688
326 358
949 83
637 268
62 797
322 525
978 898
911 743
91 901
258 323
735 638
340 896
556 713
867 251
522 841
692 518
511 83
83 255
656 101
417 567
237 921
897 304
991 143
4 923
591 961
336 545
634 7
872 328
485 347
105 882
52 338
163 132
446 40
537 407
36 703
149 89
405 276
423 149
205 216
889 932
326 84
817 586
512 723
417 750
652 538
447 693
275 98
350 63
522 340
962 776
763 322
477 966
482 789
530 97
381 177
862 226
114 281
520 620
798 119
483 385
23 729
528 578
946 241
319 751
837 622
507 263
714 149
950 391
563 494
375 998
499 899
259 711
761 675
575 896
686 200
501 408
284 792
232 601
599 311
419 158
676 998
695 10
808 556
181 566
920 272
25 743
887 468
249 352
50 156
876 272
307 64
456 347
954 115
2 644
574 134
741 297
707 428
728 807
359 865
51 71
821 188
382 40
493 400
862 726
717 646
277 521
950 194
862 765
337 940
104 262
514 955
804 171
418 295
716 448
242 598
574 535
649 116
777 399
487 187
618 787
838 53
724 974
660 490
273 914
862 447
275 894
493 555
741 822
562 787
557 948
501 679
265 435
549 588
341 723
912 625
892 882
288 315
43 886
991 298
220 336
701 852
405 407
260 71
621 44
800 198
655 328
859 382
418 207
535 891
862 729
148 864
577 20
37 526
458 818
207 933
970 318
35 909
296 385
342 716
550 481
550 838
827 620
348 246
403 645
425 221
278 745
959 461
320 293
437 421
954 166
628 98
485 374
109 330
551 823
93 251
283 599
902 167
423 719
265 34
852 200
730 483
893 636
306 689
329 394
972 541
413 775
424 605
786 369
207 882
26 490
797 729
778 338
745 87
340 699
70 915
803 911
91 58
37 944
494 478
940 890
650 493
860 208
725 157
11 918
446 918
692 413
982 548
340 467
705 84
666 880
204 791
479 321
278 191
38 833
635 889
908 661
9 58
564 87
570 282
361 110
551 737
271 980
241 640
686 460
538 355
275 875
150 101
776 436
479 300
120 846
338 253
447 941
466 787
910 693
790 336
472 22
570 493
401 411
37 413
165 680
131 856
423 451
814 394
849 219
946 258
322 191
644 577
415 709
622 679
708 128
381 640
420 173
845 305
829 684
650 603
26 896
863 717
796 42
122 641
525 980
379 713
431 496
18 773
35 462
181 665
334 891
424 813
169 372
923 87
336 73
104 21
548 24
785 57
301 645
983 489
749 672
128 784
990 784
722 776
388 706
777 307
603 914
762 268
284 915
925 667
929 21
360 675
513 227
547 278
26 163
877 209
925 692
95 782
4 132
465 856
905 471
677 998
446 561
748 548
875 948
489 241
152 326
953 674
36 194
593 273
924 813
26 690
463 214
119 5
302 543
692 99
31 73
35 503
676 591
259 989
642 555
591 636
245 10
229 726
875 143
729 776
849 927
362 803
897 609
218 409
338 12
463 404
131 96
451 127
227 896
411 687
229 876
801 624
299 915
724 255
557 711
259 454
940 720
634 333
635 329
961 39
842 830
51 501
396 213
773 510
931 290
1 643
291 12
844 14
666 64
117 636
809 534
337 318
816 994
262 533
691 645
337 686
250 709
514 918
34 931
363 27
117 651
285 89
739 762
277 423
721 494
903 130
905 231
297 577
502 482
144 607
859 181
309 886
618 138
935 120
721 737
371 421
868 941
258 822
525 541
936 726
877 372
382 486
240 434
827 854
954 594
538 239
357 958
498 886
729 133
585 136
783 480
233 352
328 884
972 645
276 252
4 281
480 490
172 496
959 882
268 161
357 503
674 964
343 818
640 769
770 880
473 624
762 531
739 182
747 844
993 501
871 775
360 521
589 270
325 84
893 759
127 984
46 384
575 765
277 273
423 278
150 586
354 123
476 471
763 704
530 589
747 977
438 138
380 286
181 352
678 420
65 386
523 753
756 500
597 952
671 822
522 196
235 886
549 576
967 817
412 113
842 765
522 786
972 73
242 929
888 553
562 278
375 863
798 725
748 395
468 922
567 349
127 112
860 822
537 620
588 404
370 999
168 915
500 787
346 128
800 478
505 328
747 825
381 852
109 694
913 564
991 93
280 39
856 955
121 723
581 759
785 287
951 995
716 415
511 952
204 243
738 834
816 499
259 149
375 18
530 778
837 670
462 590
65 427
110 767
671 541
741 25
115 752
594 824
212 806
577 526
561 852
67 712
241 623
341 31
803 92
530 993
14 789
606 94
551 444
240 851
714 365
156 40
373 878
136 622
122 174
801 780
650 552
417 378
109 281
165 82
783 790
59 358
296 852
443 592
228 940
281 846
671 663
550 525
892 64
729 917
548 820
457 364
38 878
294 196
370 141
634 166
152 733
651 427
634 794
60 378
101 578
359 934
180 702
509 822
309 40
267 761
994 204
716 286
669 953
825 165
691 469
304 173
231 834
604 805
363 7
55 639
646 765
648 142
331 936
850 88
264 832
101 338
946 932
433 514
659 642
839 965
939 266
75 135
643 102
611 135
718 227
885 626
812 822
9 236
135 393
800 737
430 778
250 955
571 366
397 56
842 647
667 988
883 538
374 54
831 858
9 560
467 204
620 510
585 164
877 595
363 536
862 71
455 663
666 754
757 366
124 454
559 109
781 909
157 147
362 301
470 218
780 675
418 353
898 330
440 897
442 389
820 76
558 815
688 335
427 245
56 484
599 422
770 170
747 82
803 622
381 614
680 393
899 505
573 242
478 21
116 824
334 243
743 539
227 493
321 846
322 116
305 20
362 710
289 357
573 823
860 756
845 360
106 123
246 128
874 745
764 408
748 629
879 364
749 204
750 682
511 587
594 366
300 595
559 673
637 641
67 242
954 590
285 898
714 564
162 345
532 786
181 102
547 642
682 989
402 222
7 69
219 69
701 624
135 931
725 404
242 904
139 107
488 791
430 606
714 80
197 811
381 938
845 837
850 400
903 414
904 520
172 241
63 471
374 93
412 326
2 602
157 66
678 353
865 386
863 139
611 98
735 133
557 226
79 247
762 439
981 348
947 753
784 189
931 619
785 404
399 171
185 576
55 197
576 645
253 775
849 386
596 133
227 39
926 786
360 425
293 765
692 91
285 923
949 526
72 206
192 380
360 446
93 157
883 262
760 750
919 177
659 539
391 580
361 733
801 808
589 861
860 896
387 556
184 790
849 688
170 732
562 714
62 795
563 786
511 418
880 958
718 434
679 920
701 245
599 823
959 347
375 381
797 215
582 694
72 870
551 838
433 895
705 545
34 822
167 948
997 663
232 471
429 302
399 400
678 443
968 885
356 345
71 434
201 471
826 383
973 398
849 483
672 279
868 291
724 40
419 14
582 58
801 510
249 246
571 768
823 915
498 815
812 794
599 247
171 476
291 139
618 139
90 421
381 183
552 605
104 575
859 807
240 596
259 7
977 923
299 774
672 508
121 874
469 295
587 676
167 614
901 711
98 961
523 221
374 132
762 265
379 644
635 182
161 124
54 956
678 401
93 858
960 992
21 728
504 873
744 856
945 262
29 61
262 514
875 648
325 882
182 890
168 898
993 88
560 482
975 733
705 390
615 959
257 125
943 900
433 432
729 963
841 665
734 454
419 591
440 147
692 804
456 823
604 114
212 694
391 638
508 963
859 400
9 514
640 709
901 591
719 18
149 427
244 965
356 97
891 818
1000 815
341 915
747 880
271 525
974 731
382 256
572 139
755 157
519 347
960 173
457 864
519 864
382 333
283 688
748 345
512 683
70 791
162 492
145 108
45 353
75 344
845 436
267 933
558 189
939 973
617 986
118 756
798 658
602 155
51 884
56 123
911 793
755 68
88 682
397 451
97 463
152 89
209 74
615 638
742 834
815 8
284 686
283 990
213 427
909 958
842 355
130 506
648 665
60 562
756 791
997 709
122 698
685 147
14 39
326 222
828 116
538 971
388 376
547 937
183 80
46 41
433 910
621 693
397 555
452 221
199 355
903 824
514 989
42 657
904 321
261 76
373 983
381 460
728 543
696 995
101 175
317 776
936 263
883 461
954 551
76 881
710 878
649 934
134 16
853 387
232 569
265 941
430 938
586 772
641 236
78 730
806 171
256 142
259 865
117 359
940 787
299 96
463 107
46 193
980 508
564 73
583 799
305 268
219 834
811 518
65 931
411 174
526 133
801 410
823 824
198 641
694 794
163 500
880 834
384 657
373 639
939 628
925 633
47 19
983 582
93 539
430 759
417 609
145 889
271 236
609 245
148 503
991 296
37 501
560 100
299 200
944 131
853 343
615 167
659 218
570 197
273 323
844 113
370 95
75 893
229 349
570 180
379 672
419 904
876 239
969 475
951 784
158 304
606 597
774 628
93 686
632 485
12 799
483 734
652 216
963 328
244 740
23 501
912 53
308 72
312 576
21 434
833 884
262 408
462 171
227 994
669 846
805 731
480 599
647 352
862 119
430 177
75 44
442 610
222 555
240 25
888 451
190 426
570 9
748 957
762 258
785 942
933 861
862 6
954 879
28 149
442 14
850 131
117 691
49 285
248 444
858 218
14 96
931 222
272 449
580 69
149 450
685 83
979 151
796 551
781 863
33 865
585 780
33 223
14 540
143 22
22 857
275 796
863 743
756 597
812 90
261 492
492 784
561 222
300 390
604 278
202 884
656 758
804 791
567 448
678 824
375 763
863 372
901 87
61 794
78 744
573 957
762 927
928 8
748 1
778 920
532 469
256 147
397 3
556 409
277 413
6 894
11 577
212 69
316 595
734 500
270 372
769 683
859 215
332 21
207 987
867 482
80 976
462 944
158 20
232 460
621 846
394 432
877 378
688 811
57 29
737 978
757 932
4 140
59 646
45 552
827 84
223 236
216 832
269 32
269 747
533 942
705 18
38 521
28 76
866 681
634 505
544 910
678 56
300 40
699 810
714 371
348 631
491 225
825 334
772 630
4 536
667 643
175 881
101 866
245 589
157 507
528 241
638 236
529 584
852 84
16 933
90 120
648 523
770 274
649 700
147 955
482 599
51 921
159 290
704 510
532 133
220 268
994 23
744 99
962 750
809 276
650 93
342 283
815 304
273 843
716 505
519 825
389 335
300 190
598 422
67 16
217 675
32 543
552 367
789 142
657 818
648 675
539 449
859 624
812 366
244 483
486 352
487 114
452 144
68 181
860 943
111 893
721 729
667 293
40 116
602 217
620 200
178 743
253 476
291 537
275 819
507 236
793 818
752 77
170 646
246 165
999 985
2 197
110 302
323 579
350 818
462 258
152 639
190 923
202 526
908 436
162 905
520 270
52 533
1 525
878 921
990 866
935 408
22 688
349 640
788 942
885 539
741 89
836 729
325 881
433 535
548 226
548 703
109 287
200 986
144 394
258 7
621 487
939 561
429 958
925 51
217 313
533 584
883 984
665 443
349 930
283 751
962 591
637 516
908 476
950 422
877 939
90 367
862 90
527 544
904 225
260 914
516 134
455 526
710 158
609 448
507 980
430 666
309 994
419 39
79 157
4 104
205 180
760 32
406 31
9 153
621 875
207 557
589 952
1 439
110 19
516 498
55 918
876 832
946 701
816 161
777 883
984 173
748 190
213 752
804 53
608 670
790 538
755 459
646 805
105 753
740 682
118 409
84 980
599 799
504 391
584 44
593 190
986 189
549 955
551 39
845 624
150 519
901 761
918 713
240 16
816 911
546 591
139 239
657 976
150 366
489 697
733 394
610 976
437 989
701 263
59 948
42 132
121 711
369 884
155 298
997 631
307 933
931 64
327 165
954 75
518 13
741 886
521 7
524 807
204 524
504 482
109 478
854 752
235 135
845 366
516 626
521 136
983 1
110 548
944 866
561 703
156 245
853 969
382 250
363 539
470 188
770 495
238 500
862 665
521 407
774 112
26 338
781 908
687 997
67 12
340 438
820 3
363 869
993 366
405 597
626 805
156 971
748 298
928 778
356 952
985 642
736 957
829 729
36 459
735 33
756 90
296 835
26 974
619 627
462 468
727 828
727 363
446 894
306 881
255 460
730 775
868 284
21 490
472 870
885 176
317 334
542 591
671 789
691 52
485 221
692 795
343 889
966 804
953 492
748 488
40 589
277 22
65 734
228 177
765 545
307 514
345 507
491 526
739 519
240 82
64 439
392 260
301 438
373 561
485 447
717 72
641 492
329 943
401 29
495 896
321 266
672 713
229 495
754 987
632 477
788 484
862 760
261 873
424 16
249 417
872 130
618 938
716 480
35 116
199 167
91 550
495 683
277 612
594 358
92 787
762 689
899 215
122 679
670 484
950 734
656 589
767 778
606 486
418 368
875 41
868 108
548 931
479 690
2 112
135 102
212 916
232 501
430 173
912 861
125 86
876 754
456 296
51 956
718 512
131 189
68 777
316 231
889 214
457 984
389 132
9 970
622 74
397 34
860 158
972 576
55 700
721 832
350 450
297 681
544 177
502 836
298 787
839 461
309 582
879 19
55 102
477 432
226 794
374 130
969 964
68 243
616 590
768 729
52 898
56 731
170 698
754 292
735 858
442 866
332 197
137 574
873 484
837 246
730 976
620 599
864 920
968 965
532 206
181 595
721 808
666 494
375 514
541 830
104 822
342 133
786 506
326 916
789 484
68 188
776 188
647 540
743 971
282 173
501 39
525 490
547 568
323 686
16 369
306 503
544 152
737 729
863 434
313 63
719 20
259 151
83 315
865 369
504 281
242 6
646 740
732 129
953 15
99 772
578 81
122 180
376 414
799 422
338 510
268 737
814 681
306 377
714 74
970 263
492 506
219 338
701 19
420 456
224 775
796 143
172 548
284 545
29 368
967 395
813 569
363 178
148 942
419 243
991 572
27 436
523 990
768 598
361 917
783 927
227 843
347 679
41 368
646 898
296 605
301 176
722 873
687 196
885 866
49 752
220 936
305 846
584 922
472 607
822 286
473 266
257 123
612 307
903 929
603 766
150 972
209 256
445 127
457 145
982 334
433 226
419 686
16 987
626 211
365 125
664 460
919 684
987 100
613 284
185 823
946 279
172 288
198 551
883 267
417 206
60 137
261 280
573 734
546 525
374 914
654 704
587 341
660 178
2 270
249 881
2 111
958 955
152 958
465 1000
912 120
724 881
803 682
941 995
533 866
788 222
41 394
631 53
558 271
155 555
979 822
502 236
140 23
527 924
908 788
548 630
493 438
613 369
562 841
150 525
478 910
340 865
982 15
528 139
750 728
396 901
588 541
109 956
516 918
59 709
397 262
904 870
194 804
618 905
960 630
287 998
935 449
848 894
747 92
883 450
757 330
670 459
959 228
752 282
716 811
97 644
164 53
475 255
348 365
365 292
984 930
797 401
908 623
964 41
585 534
937 931
455 312
75 458
396 460
360 842
760 281
23 835
407 53
392 189
47 999
585 404
340 8
328 910
656 846
144 787
254 7
259 575
718 989
495 642
652 942
635 903
213 444
984 592
235 99
180 171
238 428
440 483
11 673
802 432
313 961
388 899
542 595
815 339
139 409
446 871
4 701
549 643
714 31
881 243
38 967
274 940
332 603
42 266
647 347
373 354
75 439
620 690
397 604
87 693
329 894
734 272
954 465
899 893
556 202
774 273
405 850
669 485
172 520
302 683
411 183
729 176
529 819
802 371
305 604
414 597
145 487
680 161
699 818
392 542
403 292
511 927
791 113
124 189
634 869
563 734
268 491
472 652
931 112
911 627
24 895
847 369
99 623
426 197
168 116
689 6
391 495
502 406
656 457
784 286
859 185
91 364
269 972
199 594
738 128
575 173
561 76
317 515
303 494
895 927
930 753
860 216
91 832
57 285
511 303
241 83
424 589
207 834
498 834
228 786
45 324
284 496
140 326
969 855
362 15
113 726
864 279
76 107
331 501
81 941
891 989
282 147
27 515
618 297
263 873
107 138
159 936
382 768
825 324
437 91
662 251
269 255
295 13
153 870
479 66
962 833
299 419
339 536
899 432
174 449
855 53
654 847
36 418
419 314
637 971
78 29
36 926
262 164
742 940
284 337
303 503
106 849
674 658
682 723
827 851
241 84
115 933
80 214
7 293
373 938
305 698
396 215
256 545
387 428
119 465
615 492
764 810
375 438
168 822
397 869
163 374
842 399
813 575
94 753
77 434
331 910
334 686
317 505
798 466
77 765
840 164
979 728
876 731
185 420
99 855
229 915
819 152
33 677
418 716
736 447
610 738
2 15
383 835
521 147
225 609
265 429
183 349
380 971
969 47
806 380
862 674
521 918
795 973
118 292
62 529
881 759
528 90
358 461
140 784
594 675
968 763
382 818
75 83
93 436
655 183
25 555
101 874
424 183
193 12
357 139
306 880
268 103
894 98
538 102
577 630
650 103
403 98
442 350
867 92
316 206
11 719
391 822
158 408
89 508
748 574
456 985
854 858
312 605
892 330
544 790
297 578
744 107
407 541
191 751
158 86
141 924
401 707
843 180
75 507
296 508
274 387
168 852
136 69
742 784
605 997
321 95
710 164
430 977
658 438
271 16
756 223
60 508
901 210
960 690
232 330
835 594
840 210
417 525
695 76
200 987
111 304
600 270
156 206
498 672
687 822
635 481
375 506
857 484
979 223
51 16
343 555
474 950
46 398
844 166
440 687
497 898
847 107
667 426
996 428
373 586
155 651
375 929
837 65
692 783
434 510
680 132
720 422
974 689
558 290
149 378
499 390
429 510
602 572
714 210
343 180
401 597
129 998
259 262
106 16
795 840
43 751
943 304
981 109
697 705
603 96
783 662
110 938
1 438
436 438
756 514
455 337
635 947
150 599
213 177
525 518
426 702
928 389
570 401
474 490
440 769
717 169
934 689
295 701
632 639
544 828
979 40
798 811
339 786
137 372
877 600
119 693
233 765
939 524
1 336
735 976
60 982
396 822
478 668
119 846
709 693
357 480
727 891
837 534
269 265
269 980
970 406
275 542
534 542
410 664
467 496
907 895
268 711
879 393
362 179
254 822
430 692
705 660
156 505
264 977
523 815
174 745
211 609
233 422
692 731
767 636
308 58
137 763
609 195
278 653
97 407
34 98
512 940
612 972
878 399
571 139
990 709
864 804
451 444
331 978
902 58
870 133
52 486
491 144
710 137
527 973
676 683
511 883
55 630
624 372
370 475
39 807
231 377
136 58
192 230
891 330
393 510
362 345
289 138
781 788
332 611
793 215
903 980
902 868
321 281
878 716
50 664
289 679
749 975
932 526
112 540
57 698
629 892
479 56
959 697
635 859
563 695
33 896
415 832
374 590
735 267
15 467
866 486
973 386
353 887
561 893
14 174
323 158
752 449
15 292
588 95
970 750
524 887
994 985
106 694
171 824
116 591
674 650
559 528
926 952
763 630
603 640
565 377
380 196
617 449
509 552
537 767
539 751
242 165
152 208
152 645
562 695
762 905
281 807
865 956
639 461
837 826
416 10
1000 966
429 169
382 51
78 600
557 224
244 48
271 633
982 525
696 636
894 355
931 503
110 665
810 89
331 445
223 44
280 1000
500 364
836 662
928 607
106 64
877 31
399 944
379 499
97 533
522 478
612 215
613 741
27 206
410 183
194 341
123 377
612 44
345 697
537 704
739 83
423 700
817 283
301 906
361 364
363 624
309 399
717 258
946 302
253 623
43 351
634 366
15 940
50 40
42 832
719 14
943 1
632 778
741 571
673 789
854 153
297 922
676 294
397 376
286 133
698 791
878 836
99 304
721 670
833 996
888 708
950 935
300 978
852 103
446 74
289 157
626 533
200 592
588 617
735 31
611 5
62 580
647 195
760 947
3 210
905 398
407 735
430 804
825 239
841 662
718 966
205 103
776 189
542 733
616 103
483 413
946 680
321 704
513 481
808 665
401 229
873 221
383 605
920 82
479 446
208 745
747 780
851 285
672 365
546 20
213 579
993 41
720 271
97 551
479 675
261 636
26 38
317 58
618 41
345 961
985 810
175 507
892 895
363 292
736 858
897 471
521 648
522 339
760 623
999 915
601 96
557 368
796 538
588 157
6 625
238 866
159 6
43 784
262 323
242 355
953 258
983 81
744 449
234 560
568 891
348 694
493 880
494 6
920 526
760 227
26 190
115 41
654 989
817 44
182 588
190 517
565 881
514 814
418 548
129 98
55 595
497 616
704 506
63 100
690 120
672 723
14 518
642 503
382 220
826 69
293 751
811 923
461 723
351 707
812 403
646 414
48 461
331 41
267 358
720 74
965 414
240 580
403 272
242 344
777 616
993 513
889 294
119 34
302 518
141 579
841 990
493 873
4 575
738 590
451 17
959 924
835 386
819 508
656 938
390 471
531 125
145 285
912 564
107 906
863 623
491 784
480 838
388 982
751 173
666 898
864 583
512 676
465 486
453 546
535 690
494 668
649 384
317 367
560 293
516 155
265 578
175 195
875 962
604 201
415 47
453 376
523 222
57 378
76 434
537 128
419 42
615 625
154 775
143 488
877 933
85 135
412 89
633 856
559 478
55 583
424 921
888 414
24 882
79 894
22 84
298 336
961 432
650 383
526 792
694 292
388 252
15 861
166 460
611 871
499 842
758 202
150 991
389 125
265 39
46 747
648 72
450 125
621 247
736 239
825 676
857 173
610 735
664 870
438 566
868 27
356 652
530 819
185 667
514 578
569 98
842 256
881 400
937 935
130 132
739 782
576 166
650 488
462 209
725 367
923 948
909 942
668 713
642 173
288 984
143 288
511 917
845 560
519 307
837 543
850 723
483 883
588 873
835 624
321 605
912 723
561 927
694 319
433 855
647 751
662 627
954 725
78 991
244 662
260 744
885 328
265 40
547 500
430 216
50 950
689 490
806 505
378 222
511 471
242 272
137 166
902 475
378 651
134 113
227 337
228 417
226 920
446 525
732 558
344 211
842 751
769 438
644 426
511 420
909 858
648 395
261 679
610 221
562 369
176 961
248 609
158 138
72 765
715 847
953 194
38 620
93 772
520 304
844 471
558 438
337 338
407 787
764 735
190 790
380 575
126 846
968 897
932 210
309 151
771 555
349 96
327 161
647 77
389 111
710 91
737 486
604 39
269 671
699 278
68 22
438 355
701 728
829 135
541 787
943 931
837 679
470 655
329 266
547 740
720 443
205 754
629 517
172 266
101 790
444 935
194 782
447 64
175 335
452 576
508 82
291 834
697 971
340 323
442 929
919 401
629 694
615 749
781 965
565 265
375 262
396 580
770 675
182 488
220 973
810 160
26 998
650 675
812 756
814 221
361 555
157 806
446 684
50 365
57 550
509 371
607 19
554 173
212 366
719 799
650 408
959 219
661 776
928 357
710 280
983 154
126 926
397 734
376 99
755 43
899 334
810 450
903 675
959 808
962 92
117 777
97 987
982 588
859 460
383 255
76 293
701 599
991 881
724 169
431 709
175 880
14 8
641 436
80 53
509 625
332 14
730 338
465 605
535 449
943 960
216 986
715 579
714 408
71 517
357 728
664 311
295 657
204 541
891 823
889 355
562 651
302 701
382 832
469 84
632 416
273 156
185 543
554 807
295 987
149 956
204 620
522 243
184 679
7 436
742 675
511 164
428 799
485 271
124 449
269 285
363 462
705 406
698 400
37 663
401 830
619 657
929 76
341 507
802 436
198 284
373 459
695 1000
383 431
257 388
370 890
994 471
478 625
346 161
76 138
929 61
965 476
531 865
509 944
452 134
493 609
385 376
277 263
650 292
673 133
463 372
798 244
727 310
892 617
332 40
695 707
919 896
222 517
839 904
688 206
651 978
321 491
74 196
640 458
803 88
72 174
257 108
259 215
480 920
724 958
504 751
423 263
711 627
527 614
414 927
737 906
207 944
155 541
796 517
919 758
396 960
733 510
860 746
311 918
899 833
11 237
168 298
168 895
244 463
832 977
725 873
943 989
121 270
162 881
150 409
262 924
548 927
570 6
163 932
720 995
340 646
793 938
613 164
718 626
800 797
749 43
302 574
375 412
306 206
45 364
532 491
862 491
472 449
139 657
478 464
405 592
814 142
357 188
305 910
968 495
34 826
808 494
516 508
433 444
578 882
903 123
851 314
123 789
544 40
825 960
529 895
92 948
293 251
573 793
649 472
851 116
509 308
249 151
749 290
736 655
509 819
493 921
259 810
524 623
374 688
616 617
144 922
304 160
893 866
105 657
345 820
732 858
143 974
574 728
829 251
650 8
137 512
305 23
981 320
908 315
620 160
837 934
181 471
691 684
502 672
652 900
831 88
300 894
217 625
999 625
965 439
969 550
452 286
475 480
602 335
420 295
370 131
410 934
742 171
779 191
601 399
747 188
639 431
162 801
174 20
684 944
697 896
440 301
115 707
150 267
119 838
908 713
374 352
1000 975
177 431
175 92
803 642
514 494
326 584
475 142
884 693
2 114
961 113
504 516
999 164
339 431
430 161
569 526
548 726
143 210
875 255
18 607
868 384
928 891
557 79
602 756
217 906
571 879
938 923
395 874
721 852
593 927
49 399
67 102
148 663
987 927
306 437
363 89
199 168
784 787
929 811
337 380
154 833
781 590
621 399
590 780
714 593
42 366
26 932
760 55
869 438
692 681
943 462
228 311
178 802
284 183
242 151
913 818
128 662
198 693
148 601
296 247
684 448
25 80
299 297
780 422
741 519
412 866
401 345
494 330
699 712
757 460
959 351
129 393
837 773
473 882
176 408
343 880
199 97
771 594
788 536
516 178
440 315
459 579
888 591
816 353
706 704
340 454
475 132
951 827
199 54
247 765
844 630
666 201
96 540
478 460
297 832
865 443
635 20
34 409
284 363
855 252
379 175
549 844
470 90
678 425
790 622
534 915
956 834
497 24
104 856
707 870
946 735
817 685
621 351
159 842
401 783
661 89
865 408
511 413
892 224
669 385
755 347
664 245
65 336
49 619
30 573
586 338
453 276
878 794
535 960
97 700
402 947
117 108
959 864
154 125
967 980
370 810
930 614
608 922
737 823
312 817
993 429
188 566
502 691
48 662
433 920
766 682
415 599
267 881
91 421
660 901
645 290
868 555
812 712
192 379
411 865
379 494
802 338
559 229
533 636
36 379
257 177
26 840
389 367
889 641
946 242
52 996
418 188
56 938
476 824
771 952
114 822
815 564
797 936
616 588
563 400
206 942
341 450
356 876
122 746
20 775
480 328
95 87
944 622
580 351
817 590
155 507
107 464
991 204
363 303
661 864
114 386
331 648
316 586
872 661
620 245
658 166
235 308
311 961
767 536
395 386
500 944
716 688
945 680
303 856
64 543
17 380
913 583
61 138
275 986
184 720
295 920
635 519
119 366
895 733
546 44
512 575
139 79
836 961
770 379
457 25
440 447
4 704
261 612
468 324
62 672
251 600
32 206
768 856
125 938
453 237
578 271
93 705
276 924
832 293
707 861
8 709
925 788
317 897
660 890
340 308
240 581
97 793
313 107
151 625
973 701
851 39
796 823
762 470
104 266
711 786
177 575
507 272
783 555
415 182
920 328
757 407
678 364
572 378
43 80
990 476
320 893
248 266
839 303
344 556
530 736
985 460
531 124
877 120
700 74
629 476
716 825
888 730
544 768
283 71
798 977
144 84
474 967
387 328
612 638
316 600
904 921
593 444
796 159
800 789
842 352
380 938
445 879
698 3
772 782
828 341
832 784
559 743
482 665
581 694
412 90
452 848
515 846
129 450
645 100
804 924
973 696
135 627
615 140
945 96
513 311
309 420
507 390
346 479
366 330
937 190
367 882
633 930
353 541
137 600
11 115
350 578
896 726
946 597
456 952
716 321
661 21
905 702
809 335
793 133
498 389
385 807
616 53
905 892
728 196
412 34
819 857
714 827
712 671
57 386
331 505
388 75
136 761
814 98
621 898
801 761
752 73
329 232
93 778
418 826
739 158
611 725
6 468
712 923
382 853
266 286
11 430
472 518
602 967
414 484
362 829
219 745
664 436
576 609
611 879
97 655
45 877
482 585
229 870
479 407
32 664
257 624
522 934
38 281
847 605
297 145
562 850
154 592
817 304
637 431
412 851
785 463
17 18
309 500
126 557
402 460
385 887
868 146
9 488
946 145
50 999
307 377
346 107
571 86
495 835
754 394
689 625
141 107
410 920
583 782
928 245
548 201
199 1
934 124
437 144
773 818
278 496
5 787
852 989
728 920
837 218
768 804
949 422
969 334
700 665
438 352
497 996
309 238
922 120
483 898
708 6
582 166
69 422
504 776
937 828
183 468
650 411
392 850
853 609
763 488
785 246
472 661
602 480
159 938
571 541
326 627
457 429
24 840
385 566
831 169
192 729
41 758
970 58
983 482
903 711
515 336
970 558
990 336
596 774
557 916
261 158
742 591
573 265
139 486
565 531
158 987
748 290
126 705
509 370
327 271
827 853
934 651
722 539
944 834
945 214
781 369
394 245
34 387
35 166
273 154
970 607
862 697
701 58
351 42
412 910
264 729
249 647
446 378
558 597
401 295
658 783
222 471
843 962
517 13
828 744
647 307
559 616
301 349
671 98
528 244
749 20
97 54
823 935
459 263
940 564
547 662
933 133
392 204
982 378
530 884
879 380
537 251
824 545
723 173
743 956
299 367
785 79
820 590
529 804
17 879
344 169
198 196
570 942
777 142
220 702
521 916
186 378
79 835
443 210
980 830
199 757
308 326
308 424
877 169
851 758
965 211
163 680
83 958
27 861
871 372
448 822
925 828
674 134
876 206
698 666
970 592
809 840
42 492
868 539
261 435
669 716
301 487
430 245
509 260
79 758
800 746
667 471
596 503
65 707
284 619
632 66
620 71
931 586
987 633
90 355
271 202
129 399
165 910
331 87
650 190
26 651
572 856
579 486
228 152
284 666
458 18
231 840
307 158
363 13
433 619
520 866
973 952
217 193
134 175
157 458
981 413
651 787
785 130
549 249
763 496
143 701
771 518
222 414
796 763
665 824
781 267
349 540
233 173
555 31
442 214
332 312
975 671
889 441
122 389
170 62
582 599
159 87
913 44
994 984
475 258
972 124
60 985
521 236
825 561
634 725
157 794
217 690
604 663
695 413
954 777
539 464
848 662
723 866
759 53
457 597
563 576
639 158
746 844
621 964
163 846
73 775
699 567
522 395
465 975
45 835
139 895
62 698
46 576
126 182
715 599
310 146
572 609
977 503
363 304
553 177
299 793
701 247
528 19
527 410
837 643
487 180
363 551
816 857
791 988
209 158
781 912
357 851
375 128
572 836
734 709
515 349
93 889
332 220
612 161
144 349
451 620
622 197
72 44
455 365
406 814
903 115
854 386
908 561
174 160
635 159
983 268
469 130
509 303
606 871
20 955
809 391
774 228
767 631
534 266
192 986
322 597
125 19
235 924
47 63
370 692
385 8
331 980
384 600
188 955
879 963
615 124
67 871
926 178
14 694
28 174
361 115
628 505
993 844
316 893
368 286
778 461
905 707
337 8
670 989
808 47
548 282
697 865
151 443
24 545
829 441
481 864
177 927
348 979
546 295
341 665
310 168
289 822
949 405
309 443
342 777
543 160
751 422
649 924
602 826
316 879
138 53
175 711
768 607
969 703
107 856
91 127
843 338
512 540
115 715
727 655
833 377
101 804
155 633
781 898
102 408
842 723
951 87
93 128
350 619
331 535
867 425
977 598
872 487
121 514
689 870
928 890
361 19
770 657
695 537
533 366
717 193
259 569
60 369
260 262
354 18
962 575
943 601
985 838
674 788
182 772
347 113
297 210
795 127
101 988
274 746
652 105
211 990
358 14
749 193
972 290
91 571
809 756
310 790
593 138
993 656
405 514
389 856
581 467
572 653
380 673
571 134
951 172
862 537
115 577
976 173
423 343
888 703
499 21
616 472
176 16
429 322
604 112
530 353
515 10
532 948
374 318
266 358
564 436
596 103
961 243
392 157
618 436
230 493
585 703
231 956
368 524
612 591
493 416
934 782
420 349
498 127
367 566
480 597
332 771
392 471
522 910
576 952
17 830
770 906
718 876
691 866
26 73
5 480
285 722
999 694
373 658
423 355
12 675
217 663
516 493
954 820
452 374
405 278
741 108
945 980
530 954
381 734
125 108
676 844
143 40
931 14
833 569
437 267
420 501
480 765
533 221
445 475
836 10
178 685
212 180
551 545
20 404
860 394
185 641
243 709
520 293
16 503
341 80
876 112
380 13
508 113
718 887
97 692
60 568
938 607
812 418
990 82
651 996
121 113
981 475
268 525
763 558
401 990
544 171
953 12
718 742
750 823
26 619
648 495
872 476
359 790
909 223
912 205
470 928
893 653
458 690
607 390
373 851
832 601
447 336
779 66
965 88
361 151
289 978
345 237
309 548
612 328
936 285
126 663
574 990
648 401
280 847
258 906
898 597
795 486
749 759
362 523
698 948
491 606
954 282
276 258
940 793
348 6
764 693
854 740
863 485
50 595
452 758
715 245
950 267
373 394
809 888
573 186
610 876
119 723
541 668
728 328
230 263
692 163
747 773
306 696
973 339
864 333
826 508
60 744
415 480
905 187
392 637
482 556
521 984
530 535
396 905
56 970
788 507
420 736
849 552
789 681
300 224
672 270
730 734
548 539
497 384
618 972
735 813
131 508
4 451
571 772
903 156
816 851
684 726
32 87
412 952
1 54
728 471
55 938
991 708
959 272
481 720
396 672
192 680
15 685
732 1
473 588
643 486
628 82
630 330
579 197
135 468
573 888
563 882
342 458
909 802
639 39
397 696
507 533
54 891
405 882
720 899
661 567
184 933
332 467
650 594
244 29
203 200
102 87
853 901
361 900
748 16
117 714
507 642
881 731
79 533
129 948
587 59
47 737
886 386
725 922
427 171
563 486
836 840
340 927
514 830
70 191
382 680
860 387
310 612
497 536
233 923
658 13
559 393
136 977
817 173
947 427
622 253
126 358
770 176
220 255
437 367
224 815
632 156
134 124
962 533
801 196
547 917
177 866
470 804
578 461
610 588
613 247
937 95
60 154
517 236
764 792
637 6
815 492
39 13
269 898
91 174
382 430
440 945
165 881
332 711
560 372
477 490
479 975
759 66
892 353
322 780
470 6
56 641
680 475
750 422
538 364
307 127
481 738
145 820
962 166
727 880
467 435
140 507
801 986
767 19
718 621
718 38
973 358
149 233
699 177
635 847
810 992
763 208
332 958
493 961
385 886
632 274
905 111
308 31
925 372
876 176
710 768
34 481
748 179
897 917
827 355
922 272
762 749
634 550
946 907
249 636
305 879
32 545
14 625
951 869
860 401
181 533
717 579
224 281
42 496
795 793
613 562
264 778
742 597
925 662
837 217
512 651
160 272
887 941
622 704
145 76
396 698
699 223
593 590
825 536
558 221
872 804
889 138
360 729
265 416
565 532
115 999
217 927
91 15
488 988
112 605
25 787
877 543
115 389
812 562
317 738
211 918
56 813
839 854
987 73
402 922
553 121
268 383
598 86
726 923
121 901
31 910
838 10
2 717
11 336
667 625
423 753
778 960
384 263
700 88
527 272
388 527
50 705
951 915
248 210
718 906
644 41
332 987
421 681
885 214
444 87
154 675
174 824
637 416
711 857
181 138
453 661
97 829
259 647
813 543
481 478
474 138
65 287
719 933
341 980
731 846
346 122
199 684
628 546
517 12
573 127
978 753
101 878
232 449
212 284
25 441
30 901
752 884
415 468
880 787
678 494
851 84
457 633
349 112
362 181
613 548
305 395
264 333
559 434
213 379
568 279
603 143
287 174
714 390
808 821
275 152
331 279
128 846
629 943
887 314
9 543
193 298
763 703
289 606
531 971
201 871
832 591
318 169
808 620
798 727
730 892
752 996
967 633
472 217
905 834
438 607
863 568
115 662
224 996
833 160
132 915
450 811
672 226
417 873
340 954
521 995
515 620
979 493
499 307
240 422
148 245
520 438
521 264
842 206
297 566
121 432
97 313
766 191
254 478
143 548
457 357
204 73
511 894
832 988
320 771
853 399
527 407
389 921
604 189
90 352
533 956
309 471
755 708
455 679
594 753
294 976
285 992
391 428
499 386
836 771
706 328
568 640
197 642
291 398
419 325
252 997
591 598
225 406
68 643
337 775
943 617
446 380
750 942
268 25
872 483
749 592
880 726
930 247
756 73
41 913
904 988
522 535
465 589
651 690
926 978
929 385
913 94
974 152
967 483
301 761
805 663
36 751
459 133
331 840
133 753
26 477
617 579
118 79
407 206
322 151
379 225
306 979
401 697
57 431
5 290
242 414
444 211
928 897
17 818
362 292
968 855
511 133
477 682
594 196
835 703
902 222
924 930
488 508
788 815
880 824
348 998
891 252
867 514
351 765
779 612
480 166
433 970
340 642
451 74
888 494
568 997
770 564
517 281
424 531
803 777
650 923
581 72
580 899
784 414
887 844
568 77
46 905
983 525
50 811
648 282
839 745
201 173
469 855
314 449
260 72
868 165
27 335
479 501
302 583
907 995
451 734
567 564
61 409
327 16
962 12
186 74
556 957
41 709
760 43
869 386
190 792
495 142
266 319
391 673
69 164
830 210
465 92
36 456
185 786
384 686
97 624
99 884
641 71
888 207
9 23
36 124
618 88
301 61
902 956
936 880
572 633
646 784
166 773
582 239
796 644
302 144
123 14
232 14
949 662
126 628
931 458
237 371
917 957
424 852
442 543
574 476
741 495
515 830
854 508
802 952
45 251
72 197
92 870
867 643
772 605
863 491
118 918
554 856
230 353
547 651
783 298
487 601
291 680
172 717
809 382
994 505
117 326
924 807
465 123
814 279
512 823
344 595
843 689
291 76
75 267
368 287
232 814
940 408
131 663
387 545
141 37
47 476
268 914
123 586
640 208
307 846
933 896
437 102
516 514
383 627
666 179
192 560
244 91
635 637
97 177
528 806
781 588
410 870
380 811
733 545
382 643
127 686
457 99
699 422
904 702
227 585
764 206
658 183
158 543
697 694
365 480
184 788
97 53
260 263
104 896
260 681
742 200
637 42
430 793
841 86
571 870
106 940
274 231
402 48
937 112
114 486
573 802
831 887
814 564
549 723
982 95
987 918
450 508
548 957
456 590
317 313
332 891
902 43
816 355
795 7
212 734
446 861
213 3
710 835
415 987
455 630
736 517
606 624
111 818
70 284
277 806
266 987
833 158
562 901
908 584
339 8
546 112
603 666
712 376
343 592
549 133
329 34
88 76
557 69
939 534
761 39
544 657
119 163
599 846
528 384
983 239
348 524
244 495
593 452
850 864
211 435
289 525
970 243
240 343
800 610
332 319
78 815
67 861
570 171
412 487
145 880
213 705
571 918
119 79
878 843
368 491
35 161
426 996
23 202
855 627
496 861
700 64
638 40
655 458
141 315
878 826
809 926
702 709
666 490
101 930
483 561
907 403
249 893
257 191
169 592
453 138
427 510
83 448
755 125
442 576
385 784
632 240
192 866
11 864
911 576
603 970
50 966
641 156
808 209
277 662
864 963
339 40
157 988
140 731
472 604
325 134
716 711
889 687
748 879
442 873
345 25
159 488
171 759
740 855
738 966
494 773
412 160
837 897
380 807
325 23
240 44
755 264
277 665
650 363
425 577
24 595
209 871
871 987
819 218
110 414
30 855
360 742
269 720
90 204
368 886
717 892
205 29
557 200
387 541
756 777
527 463
654 765
135 500
739 929
238 976
204 224
617 773
905 662
194 660
184 32
445 14
15 349
951 768
843 955
735 387
754 799
993 864
280 512
958 775
10 745
68 614
368 63
946 384
784 555
621 695
15 450
145 103
902 625
699 271
718 537
812 960
97 81
137 922
556 758
650 175
872 83
691 492
584 18
36 178
749 937
825 195
38 176
349 315
596 890
347 569
264 77
944 138
618 906
361 898
620 922
827 16
115 687
59 906
385 915
88 335
104 625
11 434
261 952
952 372
625 434
308 890
534 409
945 283
574 53
353 538
688 286
599 40
743 414
293 189
949 926
767 955
860 564
607 503
822 236
833 893
707 753
282 460
474 574
765 753
379 58
209 84
669 971
562 135
943 518
33 486
331 86
17 364
392 13
38 100
223 687
61 294
711 132
762 870
104 973
621 536
451 237
936 173
553 776
238 24
165 728
574 662
461 956
544 10
928 831
14 132
820 709
86 988
911 848
735 439
742 996
826 824
831 776
760 978
281 100
246 662
245 918
2 642
819 740
809 688
992 294
717 690
899 606
538 753
83 823
543 352
813 948
607 518
858 338
569 874
325 233
198 105
203 832
292 486
840 414
757 246
878 944
228 561
760 773
229 344
530 720
15 605
327 209
845 457
277 844
132 372
867 507
758 693
580 189
926 908
396 108
572 335
875 619
296 398
201 53
177 298
165 7
32 228
200 10
407 387
544 715
159 116
839 203
951 525
310 480
935 169
521 570
262 541
312 814
156 765
178 984
931 545
509 64
455 4
134 190
332 132
744 399
634 551
908 215
265 851
329 336
161 597
309 148
855 221
848 426
204 923
812 269
639 144
407 214
376 890
35 811
15 619
401 835
453 538
674 870
951 813
389 290
455 876
908 1000
424 858
358 218
396 353
678 829
970 600
455 108
4 273
619 890
356 109
137 253
973 444
466 550
530 691
470 917
90 657
489 786
661 263
699 956
277 408
648 260
5 318
635 576
961 408
363 799
931 202
354 450
325 467
169 873
60 538
298 910
423 752
115 366
796 571
28 224
376 897
621 223
396 982
716 931
435 597
458 584
883 114
259 633
114 598
316 638
851 536
281 434
230 609
749 131
579 786
452 571
362 114
953 685
744 703
755 44
522 247
244 114
542 569
1 734
725 178
951 694
729 311
34 231
326 251
829 568
203 990
795 503
131 448
149 476
6 874
317 476
530 573
639 237
472 525
715 142
344 605
825 450
293 545
812 182
304 336
363 677
74 976
661 482
424 575
187 13
260 461
903 467
63 694
860 148
925 429
668 874
635 100
160 540
217 88
609 20
47 679
811 775
226 870
718 71
141 237
139 552
937 127
549 996
329 138
730 387
168 605
993 745
333 915
492 673
587 194
304 386
784 263
198 846
552 174
237 311
1000 131
844 942
363 252
611 909
740 133
650 336
446 605
305 607
730 927
587 570
265 414
827 702
148 552
170 643
464 210
209 484
290 460
339 191
360 856
470 856
17 942
317 726
337 290
559 651
121 64
841 75
383 267
155 857
287 377
307 224
474 6
384 802
403 693
168 921
297 429
760 723
204 668
742 999
708 326
361 738
175 771
289 251
860 931
347 784
593 536
119 666
907 120
354 931
957 910
837 759
72 399
736 321
493 449
342 964
684 545
575 82
557 579
201 386
500 66
764 988
585 617
306 122
877 497
163 937
848 136
185 225
956 958
849 631
721 442
425 133
244 79
815 769
84 398
139 550
297 161
750 977
829 879
911 600
109 536
184 348
738 200
920 923
665 787
497 795
603 227
271 579
637 353
546 109
220 884
505 910
135 694
608 414
129 160
167 680
99 846
692 614
596 77
392 825
875 161
945 371
801 25
340 643
124 176
531 880
911 643
494 294
582 728
299 152
975 614
246 136
229 64
837 945
949 652
843 787
109 896
664 201
277 15
26 667
212 789
427 625
603 460
967 178
412 6
498 911
111 221
32 855
353 39
150 811
925 111
161 533
875 102
857 759
346 405
143 653
628 694
661 832
724 249
150 44
386 290
263 210
360 830
159 343
454 82
234 795
435 195
509 856
627 173
862 755
926 943
585 87
341 6
999 398
474 326
738 73
288 486
885 470
440 304
828 233
370 580
556 627
388 944
685 838
172 799
563 441
926 767
724 960
980 882
549 881
171 8
632 731
829 923
331 528
405 623
634 411
500 886
296 861
8 782
431 508
140 647
694 250
932 880
310 243
801 426
791 782
557 82
371 963
957 856
816 84
156 775
529 878
361 185
659 181
473 458
937 992
347 545
277 757
115 454
354 786
666 601
9 104
908 454
565 163
967 708
841 61
81 131
788 73
868 441
207 686
254 176
