957 2514
823 447
54 278
844 429
848 483
134 675
798 586
638 63
201 722
794 763
735 21
424 639
231 588
877 324
438 688
55 674
475 621
831 886
923 36
10 97
139 757
806 709
113 658
203 167
205 194
388 499
641 301
103 344
768 711
110 65
321 382
854 245
308 108
229 19
637 502
124 212
343 704
455 747
40 315
21 946
248 62
358 584
3 212
461 774
228 535
196 632
204 834
297 32
609 779
62 693
432 350
396 505
330 373
493 295
332 81
354 844
8 188
781 351
930 410
516 934
169 820
888 422
618 460
747 157
911 491
605 428
642 588
663 204
129 470
946 567
685 294
359 590
628 479
321 1
910 672
954 454
481 48
923 820
411 891
307 826
71 376
58 809
516 46
912 505
314 261
831 877
703 184
304 238
340 548
469 589
914 330
899 34
880 13
564 65
195 427
911 353
253 182
436 586
163 713
650 887
500 228
190 807
546 804
857 106
128 629
613 621
762 354
176 833
51 409
22 863
168 826
887 830
673 835
654 144
786 376
219 373
937 297
366 930
158 851
948 175
434 862
309 786
456 762
509 592
42 261
171 740
562 418
490 524
165 473
872 638
41 30
921 257
868 707
278 902
464 915
451 891
547 549
295 577
538 759
229 595
367 339
833 670
249 394
1 514
302 49
291 800
128 334
382 627
299 954
563 281
87 268
316 594
481 344
905 865
606 232
271 234
664 153
810 814
723 3
100 693
360 901
342 789
818 526
821 937
770 323
555 731
926 623
385 151
667 713
745 249
379 90
490 459
717 142
292 658
563 143
213 778
930 441
536 864
755 404
157 23
797 785
139 516
769 315
770 427
350 316
244 412
191 537
910 532
695 103
310 3
687 340
48 675
699 298
113 899
685 275
568 382
87 830
695 261
384 378
611 160
776 331
810 168
445 352
927 123
813 599
159 600
399 562
612 831
29 875
560 487
921 364
530 768
188 738
743 766
710 610
673 518
559 378
817 957
621 222
133 95
637 401
840 822
633 129
342 624
399 321
192 105
266 893
711 744
68 894
768 535
514 474
894 891
698 351
145 936
95 583
684 347
782 748
948 138
532 902
17 550
37 433
687 924
382 100
580 807
227 876
540 619
767 878
221 491
756 650
653 275
144 589
327 802
697 663
700 127
298 458
500 213
467 337
465 360
306 314
572 33
493 605
460 221
614 428
709 392
306 64
513 677
683 578
428 786
323 169
201 306
700 602
457 920
259 945
39 744
26 569
188 536
679 871
795 688
867 543
870 930
503 211
484 835
305 26
418 731
471 583
238 182
240 561
331 263
816 580
599 796
546 50
306 123
146 634
753 802
312 366
317 857
193 96
47 773
103 311
250 729
418 957
594 194
831 206
945 948
67 149
72 856
825 468
242 744
131 762
154 89
692 729
783 770
932 72
589 334
312 59
310 730
616 9
706 781
502 295
2 347
392 888
62 527
887 442
640 696
933 877
186 645
494 954
636 743
912 536
253 112
515 24
118 44
943 437
654 934
414 540
348 110
204 112
353 768
110 886
66 113
303 268
503 531
125 380
788 67
920 560
45 91
911 263
472 183
381 398
791 816
337 165
763 193
946 483
508 330
899 811
534 901
78 513
61 471
820 645
199 866
44 366
725 768
430 729
873 616
641 143
594 361
906 61
943 719
412 403
685 6
625 72
236 372
54 279
274 396
518 102
25 531
728 367
525 731
874 79
382 528
182 477
417 365
38 827
186 461
645 759
25 841
246 99
115 9
721 833
448 522
69 800
845 533
662 53
938 616
387 953
852 569
468 255
696 752
53 61
715 861
827 944
222 465
461 296
121 213
639 191
456 921
897 21
771 153
95 807
626 571
2 396
349 345
25 392
709 94
586 235
935 475
403 186
889 391
764 61
30 511
606 467
303 420
590 866
310 927
565 544
378 58
144 926
876 743
56 133
311 514
6 194
905 433
175 933
416 29
208 906
265 202
296 717
923 78
427 40
859 45
130 950
938 602
482 90
717 932
344 386
86 259
643 35
55 593
370 815
178 433
280 421
651 886
13 860
268 36
757 50
387 59
423 681
809 493
366 690
772 337
494 461
579 873
285 387
472 694
821 812
478 282
642 48
798 532
482 605
570 162
843 448
597 134
486 912
675 46
772 713
47 880
46 589
638 636
551 31
310 285
352 3
265 941
414 800
513 620
891 492
455 614
612 772
666 291
884 414
337 821
525 818
735 703
28 318
383 13
814 202
309 898
914 612
827 707
25 814
89 414
947 97
415 750
625 335
864 672
302 199
892 246
269 507
470 324
366 685
332 349
351 67
392 325
618 252
548 668
310 54
738 136
443 569
541 875
783 722
849 893
312 340
405 851
639 839
218 381
644 369
276 224
117 420
837 502
88 214
548 564
680 335
662 702
258 765
313 675
309 214
261 603
513 226
215 819
552 664
719 217
500 97
599 169
547 328
395 215
696 579
860 334
374 188
295 771
889 682
30 442
938 403
385 561
188 200
266 219
947 269
89 66
6 174
386 698
558 881
578 134
652 641
690 674
195 192
285 137
656 803
446 247
219 531
738 269
464 239
725 651
727 763
161 193
72 815
747 235
589 758
510 129
511 424
386 265
825 557
904 769
392 491
264 416
763 492
83 674
158 246
606 590
239 163
701 799
188 265
812 851
462 955
357 20
697 66
588 545
735 414
367 79
519 450
856 605
415 14
732 47
590 109
612 58
830 906
392 861
464 698
924 347
601 783
228 120
749 714
38 915
645 543
186 795
940 315
691 314
695 547
218 933
315 197
525 74
375 103
433 932
233 602
931 783
35 194
556 96
701 222
356 278
305 120
404 419
276 561
244 123
372 621
216 765
158 224
548 147
822 155
129 59
775 932
814 129
75 719
105 818
913 269
745 151
834 265
411 693
804 14
542 670
186 739
389 702
202 62
759 951
437 847
681 420
37 667
920 918
668 249
814 829
601 727
428 930
415 455
560 215
921 700
135 853
46 464
844 51
744 274
599 908
67 7
607 742
167 725
207 185
764 759
650 486
156 585
585 412
382 764
136 336
28 198
12 8
883 934
857 352
529 771
252 161
938 646
896 127
418 271
204 662
10 392
565 789
77 923
118 871
375 257
32 606
237 213
899 504
757 84
631 389
560 266
299 901
299 380
362 204
275 847
920 642
870 812
816 627
379 771
127 733
169 660
173 783
357 653
249 583
802 951
839 805
950 231
950 925
51 154
872 484
817 146
169 363
401 903
448 420
226 106
189 86
233 401
582 557
765 771
197 246
916 445
631 894
913 448
542 78
590 742
6 504
689 247
853 844
30 498
394 675
753 562
875 86
565 323
617 338
19 854
259 573
774 315
885 17
888 299
647 861
119 632
618 73
546 314
83 280
772 178
149 408
666 452
818 899
466 748
505 388
387 765
807 818
60 405
492 957
376 844
170 370
228 447
112 433
365 801
60 260
796 637
547 417
585 246
765 69
52 917
221 844
82 830
321 158
713 429
329 699
517 613
2 171
592 130
566 519
255 642
406 863
435 176
607 389
368 125
721 244
354 503
868 442
262 89
852 476
140 427
527 708
336 907
541 637
674 917
92 515
439 366
750 234
231 200
861 229
468 381
828 253
510 16
735 729
277 678
151 518
667 668
317 592
303 557
215 671
42 742
597 419
944 150
801 166
217 482
825 885
58 467
300 495
177 859
599 624
840 716
883 686
702 875
5 367
857 437
730 486
142 855
435 629
172 363
596 451
600 688
360 437
358 736
89 263
423 530
573 835
940 202
54 791
789 652
624 364
103 922
610 734
884 779
848 924
426 879
524 305
506 327
146 555
537 138
702 588
955 858
151 901
442 161
264 798
784 707
353 679
664 205
818 533
449 363
361 108
344 436
440 82
265 310
799 847
693 899
620 690
731 490
271 71
718 622
227 302
615 361
945 837
583 750
753 778
692 152
854 658
747 379
178 105
435 426
740 426
781 35
483 112
899 424
22 73
226 630
300 939
800 713
174 116
158 537
306 673
823 281
936 366
77 226
777 564
578 370
245 289
469 809
878 538
718 815
699 766
352 41
34 934
567 368
626 473
186 160
923 717
46 219
637 321
199 818
949 48
495 592
814 657
196 774
638 526
604 61
716 160
76 19
21 451
332 101
480 102
118 552
138 97
858 839
549 919
273 164
455 105
521 251
101 784
800 86
210 399
306 625
852 357
113 856
868 507
409 765
843 835
549 702
606 591
221 605
311 138
594 546
723 826
580 174
798 381
798 822
362 699
241 77
541 112
155 224
409 106
125 136
313 6
127 931
217 674
659 439
608 329
369 882
893 372
141 698
419 296
593 88
426 500
338 223
708 482
710 528
534 154
916 857
839 356
795 840
683 309
741 572
465 369
529 936
566 226
822 343
130 424
385 539
902 565
679 631
545 659
776 4
297 909
764 593
528 426
306 160
257 228
217 533
284 45
819 23
877 607
396 854
259 802
831 53
421 85
630 70
632 417
692 557
696 702
327 175
119 663
797 533
121 730
263 217
426 828
905 39
247 613
715 546
622 137
815 870
321 486
445 784
323 144
344 502
752 467
1 193
666 280
229 937
764 362
270 743
235 195
73 778
534 324
717 540
168 600
246 28
674 347
932 519
221 722
650 17
98 31
151 11
392 117
305 98
508 623
377 61
325 165
716 795
882 837
872 510
213 229
306 338
715 754
727 838
367 506
261 425
423 654
66 905
252 956
579 690
203 662
38 291
943 36
410 816
782 297
327 553
809 64
3 492
320 793
670 411
275 483
81 698
888 107
808 909
788 163
165 75
243 17
341 676
217 276
590 628
827 329
80 748
583 468
768 462
555 892
870 610
212 427
765 398
802 120
715 204
516 669
756 58
258 701
778 497
750 600
697 7
825 664
352 581
175 835
363 199
946 466
45 389
32 465
197 730
955 937
540 294
770 360
484 424
432 564
680 763
753 558
758 793
245 378
123 786
253 117
350 881
848 576
46 479
490 779
547 836
660 730
883 361
23 81
375 733
449 654
526 376
551 773
884 69
850 488
837 329
31 390
34 166
732 49
625 540
401 7
937 514
521 630
287 697
807 438
7 814
856 541
746 260
396 141
712 581
146 590
40 671
247 716
487 93
144 205
19 328
58 598
687 889
882 38
885 235
5 758
602 153
140 565
325 873
609 855
538 55
649 931
190 439
281 352
524 403
861 23
631 754
746 520
467 105
217 740
2 762
553 168
220 444
594 580
832 396
875 696
163 121
393 702
600 514
747 437
521 855
383 929
611 56
793 189
478 570
119 607
374 438
156 893
545 695
696 282
39 364
554 661
643 329
928 515
844 116
494 581
904 758
449 814
874 588
454 280
520 401
61 548
840 579
782 618
15 536
269 877
533 219
185 837
885 253
6 181
541 470
265 432
230 386
197 219
132 160
464 139
332 351
741 623
906 692
156 538
251 802
309 800
832 564
796 125
62 852
466 453
947 430
293 213
461 766
305 82
513 24
796 896
97 686
901 108
45 531
759 424
101 440
892 692
472 653
309 102
274 533
907 220
23 114
633 375
300 533
179 509
881 797
37 306
230 301
451 103
507 2
217 291
615 422
455 226
19 904
477 220
614 391
562 844
637 425
446 655
541 580
777 874
2 275
422 893
832 518
226 373
603 592
676 375
612 939
293 571
817 214
454 545
559 410
928 502
307 422
345 112
830 509
667 781
267 696
488 530
345 213
290 421
238 471
330 489
938 671
189 348
871 186
639 275
568 752
343 168
74 89
115 655
441 603
651 821
835 615
139 82
168 738
318 877
448 941
655 257
416 646
91 490
457 382
889 355
890 12
412 5
360 878
362 126
108 65
181 149
631 696
849 203
278 239
616 628
562 167
130 415
693 769
551 892
252 513
703 348
463 86
653 631
231 673
768 206
769 240
705 467
411 229
306 843
492 886
915 254
609 354
499 275
210 601
176 798
72 276
555 794
319 32
566 596
18 22
684 333
608 9
903 434
4 212
502 756
941 343
402 517
221 735
298 588
814 97
840 807
875 917
35 519
269 532
611 216
151 101
797 317
816 70
829 480
945 493
784 941
752 871
519 847
94 207
204 827
149 160
668 445
692 864
778 227
174 854
565 665
40 577
628 322
53 20
616 617
871 613
549 704
307 237
951 812
133 361
561 8
173 375
798 597
472 91
529 890
737 900
828 53
244 711
650 155
372 422
334 772
858 944
712 464
257 957
604 582
41 91
316 542
723 70
269 123
898 515
321 510
375 807
656 593
590 773
111 217
349 62
793 408
423 237
531 780
680 367
306 691
742 211
818 246
664 752
845 218
704 678
928 254
612 746
414 260
490 733
694 586
399 175
628 336
342 848
626 657
623 449
93 844
956 724
774 439
755 903
319 286
908 297
68 30
88 319
458 523
385 663
334 851
372 865
374 517
657 309
806 312
774 209
79 645
783 24
589 643
330 109
205 879
614 287
214 160
36 773
467 537
638 869
767 505
538 267
565 328
238 119
75 947
776 803
262 210
925 787
162 478
219 556
277 649
461 551
431 10
779 85
802 741
715 624
202 200
387 86
524 487
16 380
78 372
944 920
637 869
912 753
583 131
215 933
113 871
755 144
5 370
353 753
32 267
553 379
657 406
142 116
933 150
92 154
347 841
667 861
298 415
688 454
942 81
389 183
395 325
203 278
313 391
635 657
393 868
728 716
69 353
654 54
92 518
492 163
594 781
408 765
906 657
728 465
539 740
593 22
946 894
784 562
160 823
90 56
678 82
418 499
364 553
219 873
91 926
699 808
267 900
417 460
164 178
370 49
481 623
764 302
913 909
915 293
437 493
700 435
921 394
480 214
44 559
189 7
410 634
529 362
2 490
259 489
503 237
536 776
375 872
319 687
234 568
751 680
57 481
662 221
777 435
216 702
405 290
188 150
450 556
784 821
76 919
761 855
119 133
504 925
891 795
213 694
911 3
271 224
934 352
292 752
612 717
246 839
956 483
764 461
360 923
32 564
684 815
495 312
261 709
776 887
728 422
705 583
528 909
194 196
899 275
141 748
734 303
536 306
375 55
37 214
476 474
628 207
242 331
512 119
817 392
123 52
587 830
803 717
507 664
952 198
555 841
222 694
356 25
907 667
31 921
864 604
956 645
922 568
397 602
487 541
447 501
680 625
863 199
22 877
227 228
947 805
712 513
89 640
844 560
249 407
157 81
341 948
533 704
536 571
30 513
429 199
289 775
739 942
886 244
143 290
589 762
553 489
57 396
64 671
216 288
913 398
344 842
70 485
53 878
114 246
601 358
604 392
842 533
555 155
756 552
117 657
889 35
216 126
931 770
434 726
588 289
446 491
837 687
73 511
788 421
829 101
297 300
63 171
434 265
384 18
179 349
142 388
99 82
906 686
397 447
130 71
385 245
78 106
117 666
741 165
791 708
529 734
95 311
897 211
120 395
356 673
911 108
141 865
94 416
938 647
831 691
353 848
688 200
561 737
928 236
161 806
56 866
934 22
574 121
258 782
393 634
98 151
766 47
517 391
42 915
922 34
775 388
321 870
340 198
697 515
682 796
862 877
374 493
694 404
621 281
180 225
661 606
96 70
151 111
504 822
66 581
817 927
361 422
269 928
53 398
790 729
44 220
439 714
878 23
694 836
418 22
298 125
797 538
500 654
220 837
938 168
176 884
575 751
317 235
282 319
301 572
298 942
125 707
435 727
741 547
173 801
561 840
781 919
447 680
529 935
676 623
517 941
554 953
46 467
281 673
619 213
414 903
643 101
367 502
118 509
690 581
692 865
785 276
256 449
403 483
25 431
375 952
502 288
68 267
640 310
493 333
647 589
815 415
431 619
213 932
218 100
332 220
775 919
81 484
779 525
102 562
472 488
170 824
661 655
527 809
516 127
827 886
699 701
595 664
906 497
569 819
362 83
931 459
645 20
431 410
533 577
746 544
545 128
876 616
771 25
899 108
169 244
187 245
64 435
748 792
911 36
362 885
200 104
201 433
646 382
79 432
299 82
13 705
413 252
861 584
203 648
630 730
957 85
23 898
11 890
268 913
505 577
930 424
698 461
598 328
633 778
874 612
364 556
21 713
499 866
708 795
543 121
601 226
194 330
1 66
845 833
611 940
315 686
875 566
290 612
199 275
55 672
187 638
100 313
858 818
35 121
403 319
645 6
565 868
713 379
345 449
260 512
687 155
913 810
146 952
268 703
593 436
465 118
436 657
883 501
521 160
868 201
676 571
71 868
918 167
316 923
795 485
123 884
896 385
811 542
953 863
554 795
435 172
774 748
635 854
546 647
176 230
364 141
852 733
742 852
651 602
104 285
820 115
143 221
167 610
811 845
226 349
448 282
503 875
272 29
124 646
679 676
540 564
478 447
460 926
926 915
525 914
140 471
582 506
359 104
254 390
254 769
676 13
897 147
347 68
240 954
40 909
604 721
817 174
459 617
261 173
872 436
871 243
346 458
553 722
934 81
853 666
860 247
827 652
535 98
443 647
25 800
919 18
380 940
458 72
335 258
527 896
706 42
928 316
198 883
753 488
17 299
450 944
667 335
599 41
12 69
13 284
396 561
57 271
848 920
558 381
82 919
653 769
730 750
53 310
844 684
406 499
887 131
191 855
863 243
767 835
401 635
550 943
63 7
926 131
456 180
847 285
351 674
477 200
443 88
564 318
89 269
418 790
768 215
862 798
409 406
177 552
128 879
58 480
774 63
850 132
887 628
749 40
572 172
580 743
598 183
266 164
123 277
822 401
532 244
110 423
20 907
57 647
118 104
716 666
907 632
911 421
755 744
429 591
745 911
711 760
589 593
900 150
115 246
62 185
491 305
931 383
339 56
747 410
272 143
477 879
405 429
479 234
390 691
838 211
393 800
322 636
144 806
310 506
113 30
594 410
387 424
541 236
262 242
449 388
70 588
839 854
612 829
120 167
377 799
673 218
700 546
333 296
405 683
807 713
804 576
73 109
647 525
313 324
891 243
49 500
1 329
354 750
709 734
88 168
107 798
149 631
389 638
925 802
287 852
109 703
954 179
818 339
904 409
795 791
47 66
662 276
586 77
346 291
648 926
810 885
425 267
577 646
64 383
652 80
927 478
628 954
38 201
739 483
906 711
762 509
836 465
175 351
838 501
100 517
308 956
311 672
866 441
11 627
199 416
18 633
50 539
439 459
723 379
265 541
822 520
822 125
219 40
76 938
386 827
210 928
779 138
526 2
51 787
639 202
291 33
475 268
511 15
225 744
834 99
449 873
428 784
529 90
72 357
453 808
312 777
573 113
351 615
541 360
618 487
563 903
675 20
694 272
71 25
22 551
900 598
478 37
731 728
300 471
822 515
264 400
64 818
319 218
271 221
145 441
54 157
55 1
238 803
540 198
734 707
779 535
368 87
586 928
182 63
184 458
260 788
795 695
61 44
402 400
149 868
317 143
635 360
691 631
730 19
90 957
52 624
806 356
349 178
559 670
139 905
893 864
675 816
570 325
805 570
350 260
188 556
483 658
515 493
853 534
177 195
569 628
134 254
326 475
806 268
264 682
669 465
231 621
47 920
643 614
348 726
531 347
867 338
740 556
337 167
636 764
840 565
569 524
290 672
769 840
760 492
931 354
806 882
365 225
556 141
350 468
211 421
842 567
772 949
20 50
108 152
387 507
645 837
438 15
258 116
261 526
297 861
835 252
802 495
518 580
668 113
764 624
653 174
185 730
857 374
547 859
812 709
291 450
935 917
700 305
901 773
207 11
632 337
906 749
691 772
47 330
269 305
181 106
823 559
884 645
132 418
116 593
45 224
47 140
690 800
855 254
859 251
553 194
93 490
294 138
614 501
347 467
69 22
680 219
438 288
353 354
462 241
304 682
139 190
234 461
167 510
672 361
712 859
877 714
435 62
571 605
255 220
365 652
369 499
921 446
863 719
830 558
907 713
621 16
951 931
736 395
310 485
277 656
779 76
635 659
396 145
658 828
645 209
699 898
940 360
323 803
35 877
750 307
843 457
916 385
516 654
849 479
60 68
324 393
290 708
900 551
441 835
287 111
828 308
898 424
397 161
832 206
151 406
539 21
908 819
329 338
281 348
209 719
943 795
638 385
710 114
948 643
294 207
475 18
717 559
314 867
201 856
368 877
555 403
248 413
264 386
871 154
707 815
252 841
395 283
506 187
272 465
220 447
921 401
62 276
925 95
927 186
18 285
383 216
80 238
61 68
546 657
410 754
395 528
927 418
897 236
354 372
446 348
124 19
737 736
614 243
10 776
279 365
452 178
678 545
223 881
705 581
81 856
691 333
299 756
717 545
848 912
134 454
943 926
607 182
795 481
517 346
317 804
696 403
610 572
519 865
766 49
604 436
804 409
730 955
272 687
895 914
847 607
403 622
321 777
13 520
24 587
208 816
301 163
231 806
125 661
843 285
350 657
812 382
326 278
175 879
236 245
867 45
633 485
301 837
747 413
789 523
577 651
561 209
691 533
818 183
123 666
696 306
76 103
540 822
559 65
669 513
319 54
929 198
13 93
686 772
3 659
280 937
64 91
743 419
731 79
329 470
55 905
33 203
619 565
361 837
50 181
86 426
253 922
589 864
369 73
38 691
849 688
389 230
543 462
599 189
196 366
876 504
470 499
668 653
743 790
476 518
55 529
119 791
246 389
356 48
193 626
209 338
889 605
321 867
325 939
18 376
455 871
4 368
480 678
542 657
136 391
818 796
218 652
773 9
846 593
335 802
84 738
732 214
706 820
403 684
816 878
547 91
470 638
456 259
937 718
60 592
905 355
894 330
936 156
40 337
314 784
43 377
839 175
309 539
34 843
644 943
645 39
331 412
157 599
72 209
115 264
924 932
834 147
229 357
800 468
805 306
737 911
424 467
117 362
154 81
107 403
55 147
40 771
494 848
320 590
656 2
305 116
769 595
811 686
3 509
406 636
171 466
941 31
67 891
122 825
676 617
899 941
202 583
613 50
706 618
925 705
454 155
455 374
739 59
559 44
398 441
74 390
240 477
241 545
84 211
102 726
694 78
166 4
679 285
869 48
288 146
625 95
257 904
847 146
466 843
875 685
573 702
171 233
709 467
231 452
359 275
270 666
733 461
552 615
2 418
699 776
421 444
9 428
19 595
512 277
343 895
913 21
436 821
128 494
196 648
847 501
148 590
586 439
18 126
626 491
442 56
688 650
733 874
676 132
15 480
643 414
626 378
510 395
555 247
938 846
377 949
30 679
13 341
306 289
549 355
92 901
517 266
425 802
51 878
325 793
732 335
492 177
807 287
829 803
574 947
575 917
