878 2845
131 298
793 51
463 60
301 433
107 565
352 503
133 579
704 513
581 14
651 10
835 140
638 579
399 853
592 546
592 119
845 283
858 254
282 273
14 162
507 188
107 851
18 225
770 506
220 658
829 743
99 22
263 547
226 346
751 105
658 401
567 201
744 529
401 120
809 779
455 528
810 212
422 333
804 376
267 173
140 693
713 640
141 696
812 135
346 442
487 479
363 187
74 442
37 577
316 514
407 473
409 605
640 175
589 289
497 574
163 586
789 770
96 423
357 255
446 304
654 127
308 305
661 312
574 763
23 624
192 794
748 775
566 688
364 453
277 330
445 814
670 754
340 241
156 227
506 217
424 818
794 655
826 46
681 865
369 220
426 775
501 503
670 797
17 821
1 137
220 59
383 601
594 703
403 810
614 698
479 416
248 511
5 46
285 60
74 135
756 20
649 265
133 435
136 574
379 190
145 109
736 387
702 717
558 188
98 829
698 566
531 703
532 321
150 569
293 824
476 456
280 141
696 74
805 35
842 831
112 351
328 133
443 145
634 454
307 698
801 386
110 863
769 761
147 61
520 515
119 578
289 284
29 715
127 423
376 857
269 479
528 5
807 839
224 391
574 86
282 638
49 748
710 219
748 426
108 444
647 149
443 411
603 761
213 706
487 626
236 24
113 602
385 262
612 438
462 276
714 831
533 79
493 386
292 806
612 5
872 832
284 104
103 228
90 645
34 579
771 477
196 313
839 649
318 454
49 168
323 793
759 834
178 764
875 46
199 875
717 330
419 411
717 544
260 490
673 23
202 803
359 230
162 702
804 113
733 53
273 180
240 284
844 677
440 174
187 682
370 198
647 432
119 449
463 260
322 667
531 619
415 362
314 740
679 757
121 19
158 861
855 617
698 830
309 138
627 387
265 44
128 210
415 573
383 201
682 807
482 321
709 601
472 855
842 704
772 308
256 490
155 346
605 393
549 396
327 749
36 337
19 251
645 558
260 247
741 47
444 750
876 681
291 814
604 684
290 757
65 506
749 432
218 844
54 4
298 525
507 320
277 225
280 240
782 801
641 201
164 515
25 233
758 533
118 771
330 175
638 239
402 846
423 281
479 283
141 861
153 592
854 507
143 521
418 234
350 186
591 776
650 385
299 53
541 558
90 210
641 194
456 654
648 268
599 97
372 223
542 2
394 466
803 626
185 721
20 360
499 353
300 483
598 222
471 708
5 352
190 620
2 479
244 203
82 218
241 243
318 420
179 672
866 452
668 291
703 828
723 31
587 798
487 27
435 388
628 555
384 812
174 35
232 102
322 421
251 265
783 208
217 137
399 433
606 571
590 860
241 232
243 614
585 380
863 781
489 237
145 454
34 640
294 395
438 543
132 143
425 131
284 808
467 632
564 138
718 692
167 733
632 852
834 807
49 307
103 399
453 620
185 441
480 145
6 313
869 495
306 232
395 152
675 231
16 536
843 211
681 327
185 298
171 324
100 358
379 39
323 714
313 27
281 565
763 393
122 499
513 319
696 9
660 684
373 9
317 31
260 180
66 769
214 196
254 816
260 276
83 574
515 214
71 161
684 537
408 292
372 29
708 569
409 567
94 839
58 300
478 332
850 781
525 344
174 382
567 566
842 19
308 350
751 746
112 316
102 561
485 439
876 643
137 234
3 204
35 22
426 39
134 508
175 31
488 372
192 454
59 229
831 835
244 47
434 493
363 529
552 418
265 141
592 9
149 545
314 83
49 712
282 521
305 803
788 840
348 140
501 830
564 473
138 676
252 413
623 565
866 202
421 19
730 519
800 421
725 60
187 634
720 712
794 123
315 539
707 320
817 768
731 326
109 38
517 207
114 380
21 784
133 310
483 807
338 405
845 269
860 127
424 759
19 742
25 357
578 661
831 229
447 337
484 557
468 699
92 128
599 254
488 728
105 622
381 190
59 243
332 435
686 76
563 643
307 736
362 541
310 416
222 326
702 571
484 8
391 556
15 320
145 785
590 460
811 538
169 235
83 292
803 517
399 86
419 780
577 781
7 166
347 677
691 411
166 91
72 333
538 525
211 437
791 803
444 136
372 605
746 536
428 415
306 670
594 664
32 614
496 50
853 90
159 339
750 409
492 812
422 585
440 36
59 839
243 226
688 506
512 798
73 631
273 644
456 420
538 46
722 729
516 172
385 105
866 57
244 434
836 862
621 118
786 512
698 795
509 605
383 402
582 607
482 258
23 648
376 420
709 302
657 387
659 267
570 465
402 575
112 430
477 783
96 669
727 734
876 416
37 626
722 135
120 24
47 839
322 655
487 662
162 206
491 595
511 650
735 801
192 762
442 302
258 358
713 553
454 862
326 675
113 659
641 334
595 150
188 704
465 634
65 29
529 366
53 620
347 859
650 152
153 626
410 316
855 675
289 275
163 92
679 42
737 490
320 439
318 134
600 489
31 518
579 769
659 70
290 498
165 305
379 453
334 209
64 113
135 789
230 247
596 754
400 83
648 623
334 764
435 193
136 557
357 549
692 738
89 408
715 643
666 520
258 525
760 280
559 199
10 609
146 755
229 203
460 283
282 381
391 45
324 685
363 55
58 484
850 136
264 197
230 238
667 169
680 589
471 874
437 507
591 542
156 240
877 829
165 599
633 627
121 670
802 540
784 127
660 788
197 749
151 78
65 659
83 163
358 620
783 78
859 508
312 308
866 400
650 100
815 802
462 574
327 211
817 219
123 861
236 15
195 481
845 706
204 32
665 530
461 4
762 534
669 42
785 117
180 9
437 849
701 751
687 570
745 618
212 87
803 758
346 119
275 433
296 575
176 512
594 403
873 689
231 234
753 622
493 149
131 357
560 742
153 784
405 687
335 56
79 532
252 476
217 294
91 403
861 192
700 661
111 395
445 664
672 611
750 54
74 456
239 461
373 407
237 434
149 619
22 284
27 835
746 617
688 121
325 543
696 221
699 120
112 830
258 53
834 842
727 771
1 477
130 837
663 455
647 9
523 7
389 228
597 591
839 364
242 632
875 293
701 395
79 189
687 712
358 529
15 207
8 764
169 704
496 688
377 147
13 794
658 465
418 599
79 141
100 63
618 99
519 697
325 484
291 537
682 362
459 735
135 306
747 68
674 877
110 757
516 546
25 73
137 237
251 852
841 340
738 16
681 419
613 14
726 605
361 50
169 602
196 132
753 276
133 757
705 28
335 132
870 332
492 625
358 688
35 517
538 436
224 749
778 77
636 265
732 276
491 212
418 364
95 3
80 106
29 70
699 196
695 561
862 372
868 91
745 650
616 798
527 360
68 515
664 853
233 335
21 772
798 446
193 426
376 630
472 629
345 489
397 224
455 483
384 827
77 343
146 848
521 868
828 608
61 452
106 290
616 773
375 519
178 215
183 618
243 671
498 462
651 118
726 211
582 249
438 286
434 585
469 625
473 546
518 303
851 543
69 709
822 315
473 293
623 446
769 503
307 386
495 193
60 53
525 29
449 348
122 362
88 310
215 781
600 710
730 573
859 851
16 535
181 323
454 35
701 226
520 626
137 850
634 813
429 426
225 192
783 17
287 28
253 337
71 302
664 210
97 684
849 42
427 92
11 413
486 867
178 48
813 647
628 520
55 588
645 636
354 635
821 53
381 638
332 38
575 689
353 594
337 760
522 510
620 350
838 301
383 803
343 716
644 587
558 231
739 440
65 345
191 777
419 149
369 707
388 502
601 642
13 106
553 77
777 815
760 753
512 237
262 801
270 546
582 405
568 526
127 342
221 653
40 423
97 74
425 453
667 649
119 167
765 721
33 152
328 823
350 450
863 437
313 489
359 511
372 599
710 253
840 364
508 490
588 537
339 626
754 753
648 628
637 259
693 204
694 831
625 612
292 189
98 764
420 65
431 821
734 465
605 544
785 831
310 265
790 466
537 174
847 743
874 229
862 32
274 569
870 543
268 530
768 720
510 111
615 244
806 476
572 124
477 821
96 647
519 108
579 210
747 14
766 318
454 87
415 62
570 70
93 635
828 325
318 802
245 757
800 313
638 777
605 21
41 368
665 846
868 323
540 156
599 635
68 225
802 388
624 679
570 367
233 266
493 183
876 95
69 142
87 686
861 226
845 872
251 552
691 488
106 133
378 622
270 639
127 210
36 168
388 526
296 452
73 105
874 142
288 516
343 140
770 453
555 300
3 123
295 546
319 103
637 232
548 210
87 566
537 556
631 53
106 672
199 354
628 666
130 29
422 562
152 50
405 832
152 860
338 591
707 407
304 707
395 540
290 589
612 572
722 383
286 838
765 614
548 519
803 793
290 499
756 799
119 823
777 665
229 238
525 817
512 523
433 131
415 503
843 622
552 284
877 267
28 159
121 555
582 39
219 119
398 452
384 658
297 170
557 16
468 648
842 259
661 563
168 803
129 171
45 589
108 857
803 715
516 154
349 674
760 247
318 452
447 277
214 736
144 620
452 189
182 66
681 278
173 751
428 531
806 823
420 856
260 468
686 445
283 567
69 868
585 660
74 522
259 107
155 138
252 858
844 105
28 302
422 829
137 398
636 350
366 475
446 317
211 695
605 336
185 848
497 41
320 211
722 86
675 286
325 755
270 410
735 578
739 496
812 567
688 621
177 864
28 435
531 476
788 726
257 26
39 187
114 846
775 263
10 825
71 359
265 669
840 189
716 848
290 824
75 50
349 549
560 369
337 229
211 700
434 613
733 404
187 589
99 370
811 481
658 309
697 631
345 198
94 870
332 500
581 81
782 242
588 5
462 835
489 621
736 117
221 605
496 521
868 530
62 311
140 485
711 94
276 380
272 591
4 372
595 811
227 142
154 242
392 89
530 790
416 410
470 845
241 395
131 734
557 283
725 260
448 586
603 485
396 746
399 517
805 514
516 715
494 619
198 67
651 811
410 65
733 373
440 569
794 235
522 609
284 423
405 435
33 702
359 183
306 257
452 288
301 367
580 706
852 666
133 70
490 181
1 326
383 119
536 29
366 48
18 738
722 484
286 575
396 43
551 203
240 24
498 330
44 66
391 815
620 379
715 604
389 213
561 652
104 305
386 618
643 325
458 456
767 478
77 674
627 358
338 866
411 623
798 9
640 785
353 733
319 480
844 283
674 694
556 156
207 815
811 680
338 535
670 826
602 91
802 252
434 505
416 84
839 748
453 652
165 459
665 871
356 389
448 293
446 272
732 634
253 132
788 46
628 571
97 376
672 697
289 846
456 201
42 475
135 828
389 513
653 756
491 423
92 511
718 16
695 256
725 226
654 166
585 170
566 393
110 655
329 209
717 488
776 272
390 293
425 433
66 766
788 835
59 627
830 253
564 6
248 334
138 699
565 368
510 856
431 311
353 482
443 474
444 452
448 474
512 174
342 214
454 607
647 101
189 258
465 151
763 863
358 602
189 833
451 787
419 225
41 238
67 244
837 536
492 639
419 691
705 618
369 735
444 295
694 802
144 60
20 277
778 345
118 750
633 562
801 40
531 310
435 205
862 761
165 535
519 584
868 651
726 72
542 844
100 743
693 288
144 644
51 689
369 372
408 163
199 309
238 118
385 632
122 192
691 218
508 323
562 52
532 637
857 242
814 20
505 732
34 688
722 152
483 404
407 567
583 243
289 520
287 600
18 681
560 271
108 97
351 96
619 720
676 226
639 438
613 83
562 624
178 873
13 499
397 457
435 609
628 654
292 587
4 189
740 828
355 323
342 591
221 843
558 816
638 794
152 514
746 832
656 557
291 463
865 856
114 825
80 873
581 455
675 542
175 833
108 338
254 305
123 49
192 797
357 195
179 9
362 875
164 774
398 227
517 479
532 161
15 33
755 436
223 575
847 90
497 9
100 266
743 85
581 138
445 225
344 305
70 60
397 164
400 200
330 716
518 752
757 329
595 601
725 453
175 263
422 203
389 11
390 395
233 649
785 340
345 450
130 3
246 74
546 667
765 176
711 457
765 806
144 806
644 552
460 684
462 877
452 620
624 21
167 534
562 471
344 361
272 478
823 566
332 243
480 236
405 222
384 743
450 98
274 92
768 131
680 720
682 764
405 762
31 261
201 151
602 716
246 267
580 733
180 368
112 645
120 731
158 854
749 49
15 422
127 56
274 489
717 595
846 483
352 318
685 95
338 692
689 100
799 412
140 450
33 195
17 582
606 341
842 586
311 214
44 870
575 730
547 348
712 487
454 113
554 502
76 118
276 219
645 867
297 314
596 314
779 305
817 860
160 57
567 715
144 163
396 780
403 834
840 376
500 819
527 517
490 444
78 16
522 586
745 674
746 653
730 579
140 6
877 134
493 50
703 298
575 707
355 538
634 326
856 586
451 440
27 832
804 679
586 638
596 499
248 260
93 606
102 67
109 574
365 724
721 46
629 685
775 834
136 590
858 660
310 489
496 540
161 384
842 163
2 58
21 628
134 774
285 500
324 177
264 443
444 615
801 89
697 272
97 346
81 384
48 727
636 712
720 217
595 257
353 545
465 47
198 189
650 133
151 233
464 225
643 337
293 285
220 787
122 628
261 356
300 628
306 622
830 785
607 652
829 865
543 830
855 205
413 474
549 701
787 341
272 561
789 687
591 184
353 460
401 798
705 728
507 583
473 859
537 641
369 23
832 286
172 348
396 276
589 312
354 747
501 30
321 794
379 721
736 170
236 285
692 88
8 517
64 539
853 730
319 583
606 567
75 35
647 243
390 88
532 672
570 825
754 42
863 171
538 245
106 54
708 114
657 158
720 416
521 254
710 165
694 537
174 700
4 69
119 744
639 603
276 431
193 181
372 778
382 579
205 80
452 244
179 682
550 623
776 696
507 691
401 596
3 178
150 797
482 66
564 4
160 797
198 270
163 847
115 70
298 554
768 331
551 80
663 492
260 447
105 871
579 750
286 780
714 843
660 131
17 117
555 479
64 12
373 62
86 807
547 819
381 804
459 93
220 569
511 775
388 426
137 563
356 614
838 107
417 717
115 605
334 489
292 592
8 328
712 464
624 877
843 646
534 131
812 876
564 703
220 646
468 17
200 787
833 682
689 251
165 378
555 670
828 650
167 422
262 821
728 356
853 809
491 853
792 288
478 621
562 727
361 814
594 704
434 751
310 314
459 42
174 277
33 458
292 427
846 267
703 232
673 794
413 652
203 744
208 506
799 437
764 377
196 107
290 701
257 822
622 757
499 784
338 622
148 279
683 433
128 517
421 417
527 727
654 746
566 408
860 304
771 503
459 489
424 234
150 261
213 621
300 146
529 57
307 192
860 122
239 688
277 467
654 772
643 395
182 5
333 862
167 158
79 541
872 518
734 484
809 32
39 416
152 71
427 616
10 109
698 296
185 1
648 743
295 561
463 144
249 28
434 247
345 784
715 196
495 626
39 646
690 71
565 330
126 688
450 74
387 206
455 335
79 396
30 192
863 848
352 716
460 242
818 809
339 365
347 253
611 303
496 363
724 451
670 468
674 94
289 36
383 557
78 494
481 138
742 108
835 548
359 791
585 423
180 589
451 171
224 212
835 138
691 485
146 393
365 606
185 341
96 451
115 417
445 720
814 587
567 767
343 241
131 500
636 308
557 653
491 338
352 289
152 190
297 480
119 720
196 805
91 435
308 683
113 309
576 112
463 388
432 690
634 48
219 352
203 682
699 724
3 419
150 182
683 604
764 777
607 774
734 522
511 695
202 513
96 585
208 728
851 715
787 824
142 31
110 94
2 191
868 625
819 803
107 533
491 472
148 516
610 443
645 744
298 63
264 312
450 607
878 519
274 858
12 170
431 494
664 585
438 116
518 754
833 665
353 684
706 575
618 240
799 526
685 291
107 637
437 159
22 520
423 369
13 640
140 597
548 743
382 570
550 711
75 331
187 495
832 307
334 370
174 219
432 471
398 117
20 709
538 6
59 732
705 212
265 641
119 452
282 376
671 317
378 379
308 354
610 574
665 185
465 419
504 130
66 665
251 805
640 62
768 227
293 67
394 707
388 796
742 605
49 362
431 867
433 11
437 190
94 113
204 36
136 220
444 397
121 360
51 491
431 186
481 459
516 585
610 316
574 270
445 191
286 267
768 518
578 726
75 430
493 851
812 380
42 13
546 391
374 788
195 386
320 191
393 735
460 499
390 547
146 341
153 291
276 123
847 401
705 830
789 264
521 573
60 175
26 702
776 669
142 535
117 736
565 264
372 837
861 172
666 426
79 548
43 79
808 788
303 497
451 536
390 483
396 399
398 784
775 88
669 501
652 531
745 119
263 260
219 72
807 331
720 435
752 204
722 682
300 271
853 367
276 669
210 211
431 115
416 355
417 527
106 804
130 71
331 714
271 737
695 596
75 705
793 353
408 791
136 241
618 579
1 664
327 405
590 703
648 417
101 466
377 748
837 494
622 788
203 171
122 751
315 208
107 11
362 785
109 291
579 199
792 197
646 224
98 714
795 336
285 301
273 688
729 694
849 751
280 83
618 586
688 573
624 515
472 357
791 515
7 426
194 687
772 697
696 714
363 454
215 569
442 767
151 429
388 872
481 90
851 327
642 50
200 666
185 769
155 868
863 705
338 651
335 167
675 226
54 849
454 61
863 147
846 121
297 585
526 481
12 561
192 135
180 691
426 837
200 742
424 698
64 54
523 586
250 289
251 149
324 37
81 782
272 861
368 514
41 523
193 583
715 179
120 278
403 114
612 508
741 818
546 277
86 602
712 21
677 243
94 95
477 845
812 48
819 30
16 683
456 600
239 482
612 645
666 160
43 130
831 357
483 820
871 217
360 30
538 446
569 334
456 124
153 841
687 140
836 714
536 176
849 833
756 523
578 311
36 693
72 166
251 69
358 231
752 179
328 368
40 698
772 192
866 167
173 589
100 755
399 555
694 15
180 254
471 386
826 255
440 302
224 491
4 171
504 256
103 759
531 85
284 364
734 1
259 205
389 44
638 54
418 630
80 19
137 44
506 277
625 188
842 650
790 113
149 290
44 806
722 753
154 133
377 544
786 850
867 751
172 463
688 560
764 657
709 240
88 860
608 141
474 675
314 8
261 527
543 692
391 587
786 116
609 277
35 81
801 773
29 660
453 153
843 250
441 244
81 602
472 734
518 865
688 226
873 765
471 257
807 822
229 467
98 196
18 300
499 769
108 493
453 241
254 738
312 101
40 426
611 30
795 656
723 290
576 304
176 858
32 356
361 338
125 196
561 736
640 311
278 290
190 384
687 505
638 770
237 486
437 105
275 386
791 565
82 648
543 222
499 531
453 420
256 341
275 499
115 189
260 178
405 636
462 402
512 6
641 520
758 426
124 292
168 856
198 552
316 384
224 754
243 142
613 819
598 807
505 33
303 850
472 684
107 847
685 827
475 380
574 621
80 294
429 291
529 42
567 534
241 671
225 19
227 637
836 533
818 8
512 867
527 592
568 490
469 664
127 555
771 601
169 97
872 107
583 82
825 187
812 599
564 208
69 798
380 607
54 792
360 585
607 128
332 300
189 149
390 510
644 316
603 36
305 516
168 538
657 370
654 112
512 20
363 712
381 212
596 375
28 246
333 668
161 363
346 236
457 653
333 621
320 121
232 139
17 372
676 652
755 670
784 321
3 796
771 67
194 260
802 410
437 501
385 151
316 348
554 727
309 72
741 349
481 244
784 458
844 684
544 870
14 131
594 682
518 836
244 396
390 488
361 533
105 872
315 363
188 731
681 577
848 546
479 553
334 371
372 34
729 172
379 397
415 731
754 553
520 518
705 171
613 194
333 157
508 401
790 827
59 466
166 522
485 877
246 435
229 687
124 609
434 265
390 108
862 402
313 636
112 664
453 155
738 375
575 717
134 119
407 79
38 503
395 210
677 189
747 347
148 845
475 602
812 494
318 814
66 181
800 344
519 871
109 241
328 723
148 828
167 575
259 294
829 195
499 736
195 750
861 463
218 411
294 221
743 711
214 416
156 360
620 223
483 265
269 210
88 5
826 400
628 175
69 451
411 858
28 708
547 332
768 623
676 40
255 627
858 495
264 284
500 431
78 315
228 236
527 41
731 223
397 308
401 622
751 719
384 279
20 240
200 240
724 502
46 222
662 493
230 156
487 120
662 804
52 668
61 589
562 575
635 479
178 747
505 297
841 135
220 196
369 28
26 448
100 335
584 52
343 835
558 874
570 107
381 685
348 763
4 287
106 126
342 749
273 298
816 846
97 174
226 266
797 449
428 612
196 3
771 539
260 317
584 172
506 759
141 783
368 764
403 463
300 734
743 586
306 404
345 220
664 697
495 653
829 125
796 874
669 532
548 144
100 817
740 322
47 687
214 515
175 53
115 196
872 828
38 873
389 88
617 343
605 717
623 201
17 63
651 522
48 400
727 304
234 42
822 236
388 788
808 256
202 51
185 736
95 570
277 579
556 645
387 415
89 40
46 243
263 539
267 419
574 703
461 83
744 198
626 589
328 792
789 544
722 184
538 762
318 200
653 848
530 464
607 153
345 135
661 170
115 353
102 467
780 226
66 605
693 655
549 16
474 727
330 781
285 750
446 170
636 750
359 650
34 143
770 206
786 85
732 38
525 515
784 617
237 549
440 238
64 777
193 317
620 508
179 254
695 723
739 278
478 334
775 204
120 91
123 168
544 541
563 478
502 451
216 179
436 534
167 678
374 68
675 348
765 781
489 388
825 149
554 707
519 34
616 18
10 549
64 768
709 101
432 415
801 567
513 560
861 426
864 807
594 368
719 717
65 582
728 503
656 53
770 42
740 582
222 481
829 327
151 831
550 693
214 559
547 651
215 777
184 781
334 846
797 740
138 419
784 615
438 696
76 32
387 545
462 781
809 382
803 316
326 109
554 439
774 538
437 300
581 489
871 206
339 457
379 756
877 728
474 29
55 413
846 440
757 168
702 376
482 109
210 166
600 546
654 771
501 28
94 621
222 123
816 762
120 327
145 607
493 422
420 154
24 600
204 561
336 495
318 798
693 125
270 870
285 442
870 177
717 407
439 287
648 332
542 194
836 878
249 588
782 166
750 563
35 434
291 713
399 616
327 255
607 258
534 550
114 712
829 507
263 628
659 668
551 602
483 520
13 848
470 774
302 776
248 392
36 319
764 427
50 386
583 236
434 408
362 77
716 6
2 289
226 790
62 549
503 877
567 536
309 824
697 343
666 379
23 287
603 533
695 622
278 331
62 775
728 234
586 606
493 558
98 62
339 367
224 61
163 467
835 66
622 382
472 145
493 186
760 570
802 642
33 61
101 179
291 580
678 80
256 476
795 609
660 355
262 93
692 852
251 428
107 355
698 78
761 820
425 799
40 395
126 752
531 8
406 93
169 756
878 14
230 864
319 122
69 686
752 859
514 406
774 401
688 359
587 619
569 484
202 301
663 424
831 108
728 248
270 861
307 768
622 660
201 147
28 770
37 637
350 443
874 138
89 248
749 751
181 648
826 735
29 807
423 48
621 80
9 324
636 333
413 506
716 808
515 431
763 556
378 73
285 747
566 644
697 731
493 498
508 10
833 416
446 299
742 239
561 625
139 646
267 400
486 100
569 94
551 26
650 384
828 343
483 437
429 508
734 346
792 47
396 784
199 124
242 20
77 608
335 443
637 690
213 32
776 724
731 559
807 135
40 511
39 25
632 46
761 91
486 635
204 296
805 509
572 690
833 59
262 509
177 773
581 209
582 639
343 41
508 791
862 714
210 85
743 125
230 719
284 102
678 295
441 479
578 597
636 208
869 525
564 480
503 259
456 850
829 399
481 830
660 294
246 35
618 639
263 590
272 687
714 106
219 536
56 166
239 597
137 720
216 428
779 157
510 152
366 253
475 605
317 370
563 61
160 51
591 198
492 248
257 5
496 853
171 699
634 106
288 877
403 118
380 152
516 873
477 168
504 581
359 818
303 33
644 470
627 310
459 815
617 614
797 677
367 608
335 860
652 50
509 439
103 735
877 520
713 639
343 172
865 318
792 575
856 829
874 420
650 852
878 596
715 732
274 465
387 329
647 784
523 379
834 313
176 660
124 743
696 789
531 267
91 406
76 15
305 702
413 181
470 846
421 213
494 501
775 475
189 686
133 225
192 675
713 45
2 233
372 222
10 377
564 42
12 868
73 786
777 729
796 69
619 113
729 30
32 250
841 706
825 120
771 257
278 371
189 481
212 582
728 791
514 110
495 652
245 117
7 679
422 866
4 89
866 556
583 331
653 63
448 765
782 104
56 211
182 34
555 139
11 707
161 424
677 207
680 242
238 739
562 202
581 777
469 90
826 224
377 46
255 378
533 487
720 306
773 606
278 84
481 88
430 147
788 88
382 349
293 723
421 628
408 200
321 266
29 249
305 592
291 517
864 187
204 526
460 219
156 681
711 839
568 846
844 49
719 41
669 299
281 566
659 457
770 860
183 455
433 398
792 539
464 329
786 9
12 61
274 309
239 670
522 393
739 403
249 299
302 287
621 195
507 56
605 451
133 761
370 828
574 588
481 566
766 546
731 51
128 849
629 490
205 285
353 39
590 191
816 206
341 403
299 777
21 566
23 733
318 727
765 150
340 650
398 384
219 62
239 388
24 587
683 537
401 790
579 728
103 608
198 605
694 630
532 834
863 325
186 227
650 530
765 547
752 462
236 183
533 839
41 423
741 676
297 859
600 231
388 221
798 579
822 634
803 532
452 39
273 84
701 140
749 823
727 610
206 629
743 529
104 710
339 234
57 615
855 856
713 300
170 479
53 206
42 81
741 390
45 399
656 119
641 136
720 399
296 476
630 60
718 630
706 708
