908 2489
197 16
878 208
823 106
56 444
614 608
523 317
678 44
182 1
647 660
613 585
853 629
160 751
512 372
415 755
808 768
747 865
852 134
48 436
229 566
748 618
834 154
270 535
877 469
828 292
117 565
867 790
742 182
602 419
731 6
255 667
539 446
502 703
339 11
13 502
35 719
54 738
588 622
863 105
888 891
632 560
779 86
676 75
329 804
770 66
554 701
301 76
800 288
729 254
305 137
566 45
445 113
184 709
560 897
498 528
689 600
213 11
16 398
487 758
382 690
308 878
702 396
560 784
391 289
378 61
138 746
361 460
815 147
361 774
719 412
16 625
218 58
330 11
238 656
42 74
319 239
69 787
664 506
658 829
122 809
131 71
26 710
360 99
819 341
253 189
860 75
606 611
32 788
688 91
560 791
862 280
874 494
807 104
628 78
460 546
551 557
691 502
712 620
654 595
396 908
45 605
542 165
639 373
894 199
783 559
661 217
477 615
388 488
580 306
201 637
74 757
774 406
557 489
228 33
454 551
114 440
318 54
92 608
310 284
754 565
58 166
519 680
540 152
449 739
781 162
233 852
604 304
566 415
226 365
562 902
686 655
402 874
392 300
229 881
364 101
428 125
424 402
229 55
319 766
824 617
345 253
682 651
628 278
383 818
339 261
108 292
821 792
111 745
183 140
520 859
206 648
634 89
51 740
764 564
176 53
696 769
343 443
275 788
809 332
722 224
248 904
338 579
712 503
429 99
508 233
849 536
118 587
729 662
738 19
297 335
904 737
257 142
247 727
233 156
675 117
752 601
844 907
80 78
300 502
657 805
448 429
20 600
410 179
884 212
153 582
433 771
77 117
688 38
483 121
528 677
643 545
681 540
222 700
481 648
778 628
853 715
326 197
829 391
777 308
155 120
283 658
413 735
126 721
821 104
827 682
867 189
836 94
804 103
19 582
611 160
246 101
328 7
735 771
39 566
190 891
430 560
608 78
492 7
592 580
899 832
443 900
475 387
772 224
389 298
284 528
506 349
643 285
325 397
633 865
632 727
814 270
173 510
374 257
309 796
124 537
124 454
244 482
45 708
391 472
122 156
321 548
884 709
21 529
722 53
723 193
727 793
807 492
119 99
691 610
862 82
863 352
206 892
545 556
177 391
507 882
126 98
901 846
848 854
294 633
155 478
873 850
622 311
659 299
511 811
19 818
758 813
207 89
67 481
547 638
454 57
865 41
408 865
802 231
552 514
862 85
258 296
667 89
615 734
212 106
140 772
860 448
239 659
520 869
46 241
374 642
841 866
643 426
323 829
35 226
758 745
729 111
778 587
659 746
760 576
628 795
827 893
867 217
51 794
488 192
714 281
535 366
525 351
174 375
158 237
270 28
643 514
383 519
313 132
574 110
406 748
853 803
33 722
512 38
490 565
492 107
518 364
664 481
166 236
441 808
868 564
687 826
552 44
55 342
772 196
663 488
777 23
28 372
253 739
163 593
95 444
150 372
575 614
392 397
84 406
17 299
511 140
591 550
276 700
460 433
687 137
84 261
32 168
552 729
588 578
591 152
522 433
135 390
802 330
342 548
865 393
556 436
125 633
211 602
837 649
736 666
277 23
165 607
603 452
143 169
839 601
168 570
425 730
230 359
575 50
626 741
236 652
236 857
112 855
81 152
568 320
825 376
497 499
278 856
94 279
818 325
415 209
66 676
675 622
384 570
778 367
856 565
465 542
817 607
621 721
841 203
473 719
131 186
422 474
86 23
24 15
23 489
83 249
600 269
908 510
786 767
509 175
434 789
891 379
631 190
814 319
157 563
672 793
103 347
486 161
535 564
421 116
655 677
842 159
664 509
521 340
200 232
366 270
21 262
633 414
388 543
799 220
13 577
534 27
580 880
209 578
727 558
673 339
340 902
776 541
777 647
740 285
210 150
325 44
296 830
425 304
316 244
407 47
136 903
216 459
605 570
270 168
20 557
274 643
717 652
238 844
210 111
69 2
361 489
648 807
775 860
463 558
463 101
374 159
592 831
510 750
472 2
238 323
389 158
9 717
321 248
231 480
692 46
470 790
551 102
293 370
443 167
319 23
366 320
109 676
152 456
784 760
859 748
615 235
256 469
350 46
868 709
747 576
459 79
173 107
73 431
330 752
577 388
542 619
228 90
435 458
232 770
486 582
418 683
644 48
610 439
617 619
650 283
688 495
245 907
29 846
468 497
700 818
37 612
738 467
296 674
562 815
345 109
761 232
317 495
893 806
855 595
841 859
272 5
510 334
43 393
90 17
517 673
766 854
227 243
532 904
152 611
483 444
600 861
268 490
217 584
841 518
625 465
664 596
847 173
900 458
389 464
778 586
66 383
817 541
299 645
766 55
238 602
277 261
351 258
134 300
879 365
437 186
867 586
463 757
893 726
52 92
145 556
58 263
58 176
866 101
295 189
902 111
213 79
288 122
566 589
706 525
428 36
732 525
115 258
753 466
602 215
486 449
342 90
429 84
876 840
862 698
870 298
549 558
567 131
842 398
193 52
528 241
674 112
622 863
312 742
634 482
224 130
8 313
689 840
190 602
140 379
492 329
531 378
271 789
780 240
851 620
675 410
217 675
767 864
71 809
245 27
547 84
436 382
58 107
792 194
649 351
807 857
621 832
530 586
269 193
898 393
816 509
69 857
579 590
58 272
743 777
126 99
258 148
539 454
176 122
451 176
72 614
256 279
388 329
134 861
46 531
90 899
552 63
296 765
246 821
771 409
365 546
167 591
66 299
375 30
781 240
465 633
801 658
14 794
419 669
683 783
222 665
309 315
327 172
528 63
432 484
485 614
156 839
199 184
203 630
641 138
595 121
903 336
392 882
282 241
726 75
356 873
471 377
14 571
38 73
791 48
574 416
340 286
443 697
784 819
723 672
758 828
464 376
502 704
530 439
520 54
793 376
406 463
120 420
572 378
830 109
190 379
599 901
267 43
643 522
244 778
764 526
605 367
54 543
481 867
282 801
856 454
893 532
148 906
846 512
877 587
608 795
113 742
811 869
902 60
297 712
249 12
417 872
342 850
403 714
93 453
6 400
265 26
358 903
327 769
721 830
853 63
288 830
795 122
598 790
405 18
52 20
515 318
661 195
276 167
223 45
176 633
157 569
359 605
506 499
660 464
720 272
775 570
621 720
89 442
177 403
95 825
353 509
173 554
469 53
527 332
469 890
860 158
829 63
354 340
905 535
781 188
399 708
520 357
166 901
499 565
736 769
320 887
288 580
810 210
140 477
587 396
902 840
11 162
345 231
114 565
203 193
55 864
812 605
246 892
300 247
469 441
641 152
642 627
161 42
490 347
71 426
26 217
29 93
585 731
752 703
380 208
733 446
221 671
638 707
853 517
103 106
677 721
145 507
159 718
790 469
478 730
692 386
857 824
161 155
470 143
604 726
847 200
478 869
231 663
186 63
888 480
4 710
149 96
521 317
334 755
161 229
160 844
345 653
438 744
365 456
611 48
719 819
491 251
325 421
93 905
402 485
681 95
668 854
318 331
859 638
235 440
294 464
277 632
23 100
640 659
849 770
719 907
541 301
232 796
638 625
843 710
722 569
586 591
787 15
536 344
720 26
222 229
867 272
280 150
27 572
600 490
820 77
568 158
8 117
811 201
545 178
360 552
56 353
241 653
292 543
828 12
488 442
777 697
392 302
46 746
326 865
536 602
409 480
212 467
123 69
664 148
888 520
703 168
583 282
474 95
773 495
811 180
278 189
194 741
362 354
514 359
761 88
651 668
194 532
177 191
215 142
514 278
40 743
611 506
259 519
884 207
25 822
500 27
49 453
175 525
286 79
85 154
75 479
224 658
445 364
749 147
861 495
484 214
97 322
338 355
543 841
239 156
810 184
478 74
106 669
87 263
493 631
4 134
153 580
870 417
844 576
232 341
250 156
884 736
671 554
523 556
763 797
375 292
270 458
166 124
905 695
673 658
466 701
667 385
200 529
879 179
535 614
167 215
561 520
874 894
546 499
537 838
314 770
850 336
801 787
195 80
34 78
172 832
624 55
786 346
127 76
475 170
93 791
497 694
759 44
282 592
506 50
161 34
92 209
631 605
443 611
110 768
368 820
94 531
352 515
153 311
814 413
688 396
564 279
507 347
602 451
332 806
494 813
80 348
467 620
619 411
199 93
91 636
668 575
191 501
740 18
711 198
896 333
552 767
123 387
704 793
645 687
628 489
582 122
237 100
588 341
494 837
154 256
840 124
30 726
41 319
132 565
59 767
298 861
78 706
906 707
870 144
104 900
530 672
617 179
832 806
772 613
242 46
631 674
799 45
792 202
392 248
871 448
505 882
277 734
61 119
79 595
582 593
618 305
209 167
726 396
746 326
674 43
875 803
161 68
180 288
662 135
578 655
557 873
246 490
391 610
31 865
143 887
93 40
495 35
336 360
128 404
426 828
427 423
566 234
825 5
85 176
199 509
199 663
221 560
94 294
629 660
5 287
689 905
49 298
646 215
478 613
137 658
46 546
512 354
874 498
311 592
591 889
624 566
716 30
23 77
707 174
11 525
421 127
871 611
585 59
465 165
844 583
187 243
522 121
692 563
634 592
145 141
81 722
431 793
880 509
681 252
610 375
279 506
393 261
765 4
638 786
642 58
182 227
148 890
458 485
149 405
482 304
686 179
852 226
46 153
581 626
124 566
348 833
851 660
29 741
48 743
292 582
160 470
308 771
827 789
671 49
136 351
741 870
620 753
415 759
697 546
681 883
738 868
558 605
696 798
831 731
524 740
374 806
8 283
825 380
645 169
73 211
268 680
282 897
15 575
52 811
164 254
329 61
832 900
178 692
45 157
785 498
469 889
145 8
682 228
276 56
849 138
820 279
467 229
31 556
645 476
330 850
612 127
63 554
221 470
394 286
770 754
805 134
38 106
666 899
392 766
616 723
805 791
770 283
185 476
117 143
815 297
697 556
844 645
828 335
704 372
457 773
512 904
468 145
434 404
324 768
260 40
423 588
248 838
176 450
113 793
38 109
645 155
758 225
358 356
30 130
825 68
370 334
446 476
802 364
549 283
200 273
609 224
789 594
385 788
43 333
815 470
86 150
258 740
757 798
540 494
301 670
233 165
756 23
721 235
562 610
157 841
832 260
729 857
245 332
83 33
765 176
472 894
325 420
273 883
381 754
349 318
730 648
111 147
277 391
828 889
381 116
650 73
32 85
858 244
73 309
866 66
790 207
812 216
831 27
7 126
690 115
570 486
296 217
396 242
102 779
250 573
542 147
800 899
625 857
767 668
200 366
114 665
44 218
463 117
247 296
290 812
807 138
440 76
810 512
832 387
371 1
465 625
268 212
99 350
83 837
282 799
887 899
652 387
290 10
234 855
492 375
81 5
300 655
270 900
180 383
326 191
474 92
607 218
214 170
395 754
879 753
555 170
208 458
355 832
262 764
670 137
356 528
841 810
501 150
844 337
57 641
520 103
869 156
111 222
818 129
656 44
511 722
20 120
502 356
761 620
166 122
109 102
20 324
249 638
485 357
876 224
456 747
309 151
684 504
649 298
552 758
682 382
409 600
19 469
4 842
693 240
253 786
749 250
698 31
793 257
112 581
100 703
599 280
692 110
693 280
894 844
255 710
560 862
141 647
287 167
47 704
441 198
867 629
299 826
501 706
428 657
395 206
841 18
73 563
55 56
580 828
63 168
724 758
98 64
837 716
474 764
369 888
441 603
833 614
500 776
376 790
712 293
824 351
609 504
646 232
188 267
423 161
413 331
607 24
336 275
889 713
473 241
53 277
675 539
648 875
234 180
824 503
622 558
759 761
211 169
11 4
533 299
863 26
149 158
797 514
689 441
844 168
627 264
719 182
740 105
318 195
770 242
107 893
248 790
766 525
179 424
329 218
434 185
756 216
112 619
10 407
838 121
626 137
769 871
645 220
333 138
232 539
27 157
159 274
769 122
285 122
396 544
538 681
657 49
226 55
162 728
201 166
526 761
205 843
794 405
124 471
345 486
254 189
565 797
898 375
224 331
356 34
730 300
288 247
169 20
633 543
391 807
841 189
493 8
755 461
597 600
340 759
605 626
767 711
110 318
856 773
196 376
850 785
232 426
908 722
87 513
845 10
442 844
811 333
226 272
688 331
525 685
233 674
489 501
343 502
167 676
519 403
464 378
128 567
556 737
499 425
723 896
10 893
161 341
23 519
216 724
731 55
696 19
662 150
591 547
599 713
856 345
25 91
290 249
171 851
6 302
686 395
106 747
323 99
196 243
236 90
643 298
792 772
741 409
62 17
751 208
806 144
245 640
319 68
654 345
434 379
272 55
308 288
608 305
808 558
797 441
763 521
820 846
899 483
847 610
426 903
434 639
430 358
485 526
454 27
180 92
332 439
236 152
598 355
654 746
876 462
404 756
740 411
226 330
543 214
402 198
66 675
819 483
214 381
516 321
309 285
361 745
510 843
42 632
477 236
298 526
744 39
394 61
896 215
681 672
220 804
523 543
814 569
193 283
270 539
569 173
219 433
810 65
403 365
22 363
528 743
251 183
861 893
461 293
306 649
326 438
477 229
61 624
744 46
176 848
285 840
345 229
721 258
762 606
9 593
140 317
270 87
275 803
360 825
885 314
634 65
728 620
181 387
92 693
537 411
421 122
591 519
407 870
582 846
215 787
34 50
271 472
3 736
617 297
468 487
458 64
781 172
640 186
656 38
736 238
849 577
830 587
136 30
858 234
197 769
146 734
572 819
499 895
267 610
610 714
476 130
557 178
147 604
889 293
192 504
301 517
93 333
611 349
22 380
685 212
336 88
870 527
355 155
446 237
14 671
76 717
661 769
96 568
6 735
183 413
660 107
765 845
473 517
292 287
330 355
558 534
44 437
354 48
851 809
786 66
906 116
584 102
769 468
832 689
277 399
407 796
543 179
88 378
774 621
489 631
74 760
848 442
629 86
725 834
320 199
670 747
674 845
678 214
482 314
122 515
751 101
382 425
573 85
519 306
222 694
509 215
835 627
158 862
214 171
487 75
749 628
746 692
220 768
240 86
408 503
319 689
414 134
330 43
704 313
84 715
166 123
496 654
117 743
816 839
729 779
233 269
565 432
40 720
718 40
222 77
135 885
804 119
838 363
128 50
348 40
475 592
150 338
742 694
423 464
583 886
586 355
179 766
493 257
77 439
669 286
581 428
449 379
84 577
892 374
34 791
477 760
685 510
777 312
621 225
278 378
116 833
449 389
431 285
246 172
74 503
312 907
385 414
833 756
459 763
27 352
119 30
856 61
553 99
829 864
247 271
221 242
676 80
453 637
7 90
800 729
881 290
883 121
901 328
225 615
105 217
451 430
252 325
164 380
187 782
127 134
691 654
801 338
358 532
843 270
661 710
867 859
463 81
696 132
533 731
699 114
440 112
170 754
240 711
505 308
35 688
347 28
261 332
240 519
99 354
389 287
503 523
358 150
895 336
530 373
735 273
865 466
242 358
540 769
891 456
619 402
655 901
362 905
649 563
131 460
513 264
140 83
326 345
236 676
776 603
6 314
444 870
693 20
534 246
607 452
703 720
757 666
374 484
780 607
217 513
382 100
682 605
598 110
42 700
317 401
527 2
125 478
253 137
822 145
700 598
902 528
831 205
808 36
612 508
423 847
598 657
620 646
451 169
222 16
153 98
27 585
798 231
418 243
862 661
266 729
570 241
97 512
650 9
372 304
689 82
212 311
456 310
492 103
312 645
425 471
759 372
613 601
564 777
622 180
205 566
78 241
230 75
267 866
822 858
897 868
719 454
891 305
502 426
291 728
95 679
478 788
688 648
211 68
484 571
675 8
658 48
863 674
292 600
281 860
230 499
803 821
646 351
80 759
392 126
102 706
752 628
417 106
437 722
696 27
843 585
59 272
212 325
469 338
110 502
1 415
316 702
170 721
316 272
515 772
746 717
546 318
801 46
108 5
276 616
79 644
637 549
585 90
270 74
880 522
866 597
761 659
300 582
677 890
604 782
272 500
243 107
418 724
670 161
233 660
71 251
190 558
419 779
776 41
905 364
511 522
129 831
131 207
166 809
226 678
541 61
137 276
321 717
513 580
708 212
214 704
801 692
213 7
98 223
887 477
158 566
432 225
286 473
21 401
95 254
748 719
485 575
822 760
605 232
755 519
554 877
333 48
816 539
170 626
882 788
738 442
684 213
575 459
262 903
785 124
587 297
881 894
493 187
700 437
8 840
703 407
155 389
840 592
108 534
436 410
386 188
723 253
628 353
599 136
451 21
659 207
679 639
757 875
522 893
63 128
160 22
658 822
310 438
279 194
653 550
157 513
411 458
123 401
551 753
236 349
256 291
644 756
374 2
670 623
285 381
527 226
61 817
750 420
456 907
879 341
699 268
23 387
669 653
13 542
547 570
417 619
445 355
572 530
115 425
647 64
252 214
750 333
453 270
258 479
744 827
564 529
414 507
235 7
327 846
630 436
649 200
158 555
407 738
73 644
34 691
724 621
230 580
671 166
672 46
475 466
830 86
404 316
283 356
411 299
453 503
505 440
167 365
891 398
329 287
471 290
278 848
721 67
742 22
725 70
429 521
33 193
453 222
145 677
394 217
488 244
16 603
751 157
374 12
388 52
389 322
571 416
217 587
24 891
50 548
468 294
166 231
455 413
385 596
815 205
361 852
749 516
680 704
865 15
168 670
761 411
86 65
694 490
53 312
903 378
651 485
321 112
233 841
108 280
897 360
493 263
679 752
591 7
792 567
491 305
346 27
808 66
202 906
41 482
612 466
760 549
482 20
543 49
425 258
783 807
48 491
855 464
141 24
567 819
255 627
204 112
755 36
38 352
97 804
316 2
542 138
144 718
474 44
204 770
192 143
530 709
787 773
244 851
461 499
412 326
297 130
852 257
598 741
195 85
801 530
35 169
829 100
387 401
781 193
208 216
768 533
291 845
293 492
169 707
336 759
485 800
876 208
587 504
660 402
598 153
645 232
258 634
10 203
319 327
619 126
6 578
759 256
876 502
721 563
864 134
146 674
545 558
470 526
306 615
513 581
779 537
377 809
600 639
361 762
142 657
396 628
56 210
537 543
79 565
152 677
5 781
335 577
712 445
732 507
359 576
384 3
519 616
444 101
390 233
267 894
38 575
101 783
88 833
784 238
489 774
572 216
411 434
233 99
401 482
552 830
667 869
64 478
821 78
839 611
159 74
370 706
315 79
353 154
288 43
514 566
628 325
261 228
792 491
5 386
91 338
136 644
46 139
302 572
50 118
179 870
829 906
65 40
243 343
401 475
57 137
524 366
217 262
832 907
845 806
315 68
816 52
817 784
231 349
451 388
548 62
732 819
401 261
315 437
444 234
20 147
44 599
12 450
552 727
347 879
681 431
795 243
501 611
660 293
401 343
148 113
439 71
323 694
785 74
125 724
788 65
754 625
775 894
42 94
691 822
417 875
553 825
400 716
844 437
885 469
394 499
198 624
717 199
425 318
52 727
774 220
687 512
318 253
874 722
13 663
255 514
825 271
79 815
244 91
852 560
621 578
14 453
326 577
572 809
205 272
559 486
357 538
763 523
508 815
215 774
18 318
664 831
331 743
334 255
652 590
215 72
736 364
458 408
851 13
16 263
797 798
246 346
322 362
657 2
789 176
732 458
652 758
122 68
46 715
735 750
866 222
265 6
9 733
76 86
884 272
872 867
466 12
780 635
18 219
309 61
148 320
672 164
322 357
164 907
272 492
594 598
609 476
834 200
818 709
659 882
307 120
291 314
803 633
900 483
316 250
338 606
212 526
622 650
337 481
653 870
633 397
736 233
147 343
210 695
227 751
854 825
449 643
601 318
196 614
585 468
142 19
109 164
18 594
536 101
183 215
169 540
723 783
81 312
853 101
587 626
736 861
54 32
608 439
294 132
211 519
802 757
123 812
807 435
629 234
894 812
329 672
113 201
594 697
677 431
291 819
3 135
509 459
499 692
448 886
892 31
730 283
141 760
609 141
457 232
367 32
183 782
613 280
80 572
688 827
196 216
568 353
381 655
330 60
302 402
190 512
85 576
726 694
893 702
360 732
586 333
694 559
297 350
451 228
164 637
624 129
57 523
153 708
374 719
301 725
71 222
405 401
557 628
724 260
857 592
629 432
644 337
345 56
481 433
740 149
733 775
765 610
495 143
169 268
890 856
50 57
622 275
417 333
823 406
91 217
718 141
845 533
388 791
892 903
769 756
496 624
744 705
897 818
97 476
635 703
70 36
534 563
900 256
175 587
757 246
757 289
44 204
101 882
887 631
697 372
290 802
772 533
406 895
760 106
745 679
339 50
693 668
783 729
705 14
460 184
778 216
482 141
389 591
30 766
552 464
13 465
712 304
162 299
754 844
643 245
167 69
632 386
560 495
634 106
230 337
858 659
730 332
295 346
5 326
335 629
564 801
784 535
766 758
272 597
38 696
150 554
689 484
805 846
74 458
293 172
260 187
853 356
251 836
465 61
659 96
848 871
210 759
581 426
17 678
311 137
246 61
193 167
339 192
238 543
819 769
254 870
898 432
120 540
373 481
441 457
734 604
348 756
834 110
565 819
12 661
217 842
490 40
211 165
670 555
417 806
127 532
838 712
16 100
376 829
476 118
866 129
687 614
32 420
52 498
710 302
734 583
688 543
706 850
656 885
841 342
641 196
826 328
259 284
847 135
690 766
854 223
399 438
94 655
105 541
189 393
202 682
468 576
394 431
534 294
555 24
405 882
462 136
337 559
91 21
807 379
849 193
389 889
503 698
287 377
404 699
721 15
701 614
740 903
248 648
48 772
269 356
185 775
735 652
781 846
668 417
336 186
464 399
172 592
675 794
742 782
13 298
472 511
875 323
641 783
848 761
150 380
282 243
799 129
358 516
242 638
311 689
848 648
454 726
866 315
45 833
675 342
95 688
475 83
517 280
297 253
161 862
805 29
536 868
330 127
174 531
357 492
414 893
73 215
148 743
755 185
441 270
186 817
317 25
670 178
446 743
46 872
200 568
37 453
315 239
448 455
360 830
364 212
677 250
695 698
226 248
242 318
522 860
282 665
316 757
728 106
796 386
121 398
323 157
533 355
441 128
249 108
465 695
599 230
488 836
153 575
781 762
356 846
713 445
256 543
95 419
600 127
780 136
