894 1165
194 295
6 835
530 333
703 701
575 712
500 438
530 633
424 12
235 840
489 533
771 308
595 251
482 106
226 704
85 388
595 480
287 442
607 290
462 212
86 87
292 180
59 131
559 634
234 543
142 444
89 835
752 298
808 320
329 2
883 218
615 749
72 74
609 847
331 288
392 254
352 330
475 237
830 62
275 32
139 852
687 241
716 8
758 483
550 370
757 378
6 509
293 329
268 301
699 303
758 241
353 539
816 157
725 445
843 576
514 726
883 268
544 351
609 431
270 887
15 46
790 53
573 870
292 10
150 614
683 40
882 485
886 154
734 744
50 529
856 612
488 734
115 194
522 109
484 89
309 395
339 544
610 216
511 449
511 703
638 454
309 153
241 243
890 376
380 445
693 705
818 219
567 542
538 514
759 99
802 589
407 743
504 685
460 510
372 360
217 661
682 157
129 292
889 150
426 713
697 337
145 82
558 657
6 818
406 55
331 702
628 586
414 867
309 801
120 368
215 791
143 42
471 649
243 770
780 875
606 340
790 705
94 306
865 456
389 744
99 645
470 451
413 198
463 332
171 235
439 755
276 287
734 191
586 569
881 572
631 139
587 791
641 296
320 709
280 759
8 476
707 688
634 368
172 727
52 132
17 647
521 492
5 517
537 650
870 466
815 30
400 415
606 46
633 773
482 510
23 279
815 559
826 124
716 498
64 272
625 621
588 94
500 723
376 44
759 396
45 681
98 379
352 599
816 780
832 289
440 179
53 399
692 569
320 134
81 124
187 239
627 116
19 289
550 276
677 815
180 457
82 776
245 12
13 63
365 42
535 178
777 589
78 689
250 507
108 635
367 232
12 882
655 628
203 809
60 195
475 365
302 719
722 892
570 497
476 281
268 425
731 94
296 484
146 64
832 155
509 31
603 379
104 567
450 885
219 114
334 886
628 222
176 833
256 516
608 715
51 409
110 301
261 224
459 271
347 95
850 346
620 169
811 499
504 639
2 858
132 462
285 822
838 233
138 881
279 682
708 805
487 859
662 406
676 782
642 289
53 329
843 480
220 386
243 834
316 654
118 203
199 456
82 276
419 2
658 278
278 23
503 410
474 545
218 666
475 280
508 490
10 518
818 868
832 839
869 51
748 229
467 514
669 7
251 868
229 384
246 811
352 213
359 665
115 222
445 71
66 339
48 424
283 782
56 180
319 147
746 141
696 227
434 81
616 670
170 149
888 280
590 495
54 349
425 351
506 184
341 263
807 6
748 382
504 713
159 395
767 742
732 574
855 369
828 393
789 220
238 632
119 97
664 86
95 670
33 299
93 668
605 613
388 395
713 205
719 663
277 790
599 296
303 778
557 187
193 594
498 591
785 374
55 427
547 560
246 455
77 311
86 778
808 325
275 875
44 483
334 246
658 334
784 613
838 296
893 392
723 496
314 672
713 3
879 618
461 197
122 607
740 602
403 812
499 515
197 608
149 715
319 126
819 500
657 497
701 422
465 741
577 419
819 19
98 287
637 201
71 326
145 523
543 80
730 617
503 788
595 111
256 651
481 275
204 849
184 66
353 60
143 388
436 425
85 391
57 758
789 200
234 57
600 681
792 368
234 427
83 582
558 164
292 719
735 345
312 314
882 817
370 391
834 480
320 266
884 355
457 658
759 504
887 857
774 579
453 164
361 507
411 596
686 421
415 210
245 443
217 741
502 81
660 500
292 91
478 856
236 429
415 854
791 847
762 241
138 506
368 377
569 566
32 860
692 838
489 707
792 617
116 867
577 277
216 593
381 809
531 794
484 231
711 455
110 483
143 427
137 464
809 553
117 330
851 782
359 97
810 598
83 148
767 391
622 79
460 527
494 880
833 375
462 243
270 439
128 339
844 492
30 573
306 26
43 535
206 367
390 845
887 257
630 11
554 251
198 177
685 715
524 41
46 168
15 762
274 810
155 544
474 408
151 574
803 38
743 26
160 558
496 707
152 524
129 238
16 169
163 126
591 814
133 121
337 3
115 396
514 716
192 486
101 795
103 604
884 466
609 288
299 428
732 782
380 485
239 653
121 766
708 595
405 73
321 122
168 139
200 672
93 458
235 99
383 63
703 763
596 295
867 666
295 31
536 524
400 814
161 715
699 299
705 822
319 66
689 293
622 36
855 705
63 400
19 187
15 330
565 515
344 501
344 35
514 546
145 528
595 481
37 514
204 616
624 817
661 729
399 822
564 131
693 734
105 674
226 712
113 427
621 623
682 878
236 523
671 537
800 878
206 628
509 503
562 30
37 162
251 93
365 844
374 859
173 290
700 457
94 780
76 268
340 193
367 255
42 217
56 361
810 184
77 860
96 462
607 244
518 601
372 452
809 889
32 81
804 711
353 715
534 662
412 189
751 857
560 61
245 125
87 500
275 111
68 151
255 764
764 381
795 208
576 772
711 156
83 341
557 477
178 96
493 396
246 696
482 531
549 683
156 713
585 200
110 654
568 325
891 755
768 561
35 208
423 670
248 760
540 187
667 479
881 346
564 196
266 189
821 534
324 320
547 143
489 211
338 505
690 326
816 580
156 253
204 876
722 91
273 831
392 297
71 109
90 10
395 568
284 807
576 119
606 781
881 744
693 207
239 343
218 602
544 249
444 348
54 175
15 264
103 487
686 411
155 39
206 794
133 408
565 496
437 299
569 66
826 290
720 50
715 422
677 830
293 109
27 596
617 872
721 743
756 565
336 830
405 252
18 676
407 835
103 119
748 645
735 237
786 435
874 823
321 455
342 235
261 33
217 73
495 666
236 821
459 226
250 603
143 579
471 757
516 146
306 378
476 309
477 673
439 878
195 737
101 347
324 53
651 452
296 80
482 539
581 476
709 456
824 466
639 508
314 408
671 480
335 25
236 230
46 456
737 116
133 262
742 441
739 9
28 97
605 429
492 720
365 756
321 767
837 62
265 782
433 181
855 482
128 722
433 675
766 511
179 387
12 413
880 622
239 686
869 733
481 127
162 462
414 783
880 191
642 375
577 705
811 680
325 212
610 569
685 787
807 93
106 53
391 489
240 721
622 820
395 96
763 148
552 183
417 821
867 375
247 343
620 422
791 852
599 769
366 451
692 889
188 364
683 793
736 759
447 684
453 100
652 136
176 874
357 112
516 794
572 458
831 839
260 516
120 218
862 125
781 475
492 530
894 586
670 767
75 656
518 790
734 633
791 205
206 471
150 608
563 638
748 808
105 826
480 54
642 262
331 47
357 410
301 815
588 230
280 708
893 302
551 222
22 370
111 295
450 377
58 734
504 586
470 245
444 120
371 178
412 17
405 288
240 521
601 198
340 483
191 452
271 413
274 179
74 649
673 444
562 216
584 144
629 525
772 416
507 64
728 72
776 781
185 767
836 338
365 709
869 846
864 298
650 154
51 544
163 260
719 602
798 155
580 295
864 181
662 504
1 716
148 488
57 524
424 265
242 175
744 296
217 485
786 210
146 678
729 733
284 620
275 500
309 316
210 636
414 133
597 694
469 55
810 230
550 676
459 547
833 143
435 751
856 344
283 772
774 600
698 401
592 596
524 554
393 345
381 763
577 178
730 38
567 650
682 259
707 813
381 169
210 228
849 431
151 137
502 443
585 496
144 608
543 632
407 463
282 849
534 427
238 596
329 323
697 515
515 37
789 536
477 519
743 576
829 157
760 199
807 801
878 137
99 778
659 745
184 228
489 682
95 571
435 182
617 63
557 62
781 514
664 459
211 399
206 296
392 130
248 553
157 764
159 701
561 358
624 285
408 572
208 681
505 632
80 8
234 531
342 499
136 797
862 255
332 438
470 30
542 844
741 89
767 61
438 503
668 605
726 556
756 392
476 809
345 562
825 869
248 612
502 868
615 677
479 797
679 754
459 97
232 60
295 299
729 54
792 874
530 483
49 498
210 736
534 194
725 701
533 329
315 24
335 694
875 73
14 557
214 224
687 427
227 662
26 394
673 550
291 159
187 867
792 417
861 361
84 862
71 257
845 762
244 866
531 578
185 811
581 175
204 126
827 8
629 337
74 765
512 200
379 886
360 180
641 757
384 635
308 428
453 107
650 558
45 441
731 402
451 402
650 857
366 461
405 415
651 756
614 549
777 349
724 616
612 494
893 15
16 615
875 237
753 786
103 847
49 714
314 413
559 618
184 36
26 447
99 223
18 38
385 787
151 608
849 322
372 196
72 879
610 828
45 854
689 389
709 511
556 603
409 580
637 531
195 650
266 819
603 45
189 496
534 676
350 721
505 283
478 441
860 646
112 135
24 361
675 34
854 471
823 319
115 166
21 412
421 519
122 515
640 722
319 830
512 745
713 656
359 869
566 293
270 174
509 206
623 727
453 677
198 275
222 884
627 176
176 483
782 146
387 349
425 578
136 594
802 536
545 167
154 112
495 398
245 95
495 273
248 365
609 449
693 463
548 454
218 118
464 317
164 238
735 849
433 770
318 284
894 298
96 362
72 80
266 602
795 168
81 838
18 734
799 319
616 79
612 352
642 647
256 485
595 530
794 212
595 870
636 720
163 192
799 625
707 82
197 172
83 566
478 147
532 522
279 601
518 847
696 351
583 95
308 621
461 609
576 93
35 429
122 778
835 884
756 30
138 535
636 417
886 200
725 848
501 555
393 537
116 592
108 193
499 157
726 47
727 483
9 11
760 130
696 247
810 599
78 425
479 385
747 140
373 423
348 563
116 816
549 414
480 32
175 578
51 29
287 723
395 9
510 87
419 427
452 411
281 601
287 315
594 710
154 203
290 812
274 489
614 214
110 436
577 192
429 298
693 344
423 489
699 864
638 65
672 437
582 614
406 859
467 519
253 888
106 83
746 245
275 334
50 346
643 520
529 533
564 316
356 372
767 888
610 590
328 15
119 185
43 176
371 863
884 505
498 140
128 89
581 401
547 84
863 518
836 603
429 27
31 684
889 640
803 425
3 254
877 126
581 577
318 114
648 804
378 559
123 240
350 570
486 39
839 378
619 798
140 730
5 711
96 473
887 866
235 829
862 523
71 211
602 645
691 633
840 276
26 36
268 432
502 668
776 861
71 118
245 295
117 589
36 815
331 528
407 627
487 302
796 444
621 429
215 330
324 648
405 758
359 70
466 110
222 861
886 484
422 537
863 392
334 245
532 456
808 177
598 673
872 250
84 251
723 501
407 356
351 358
334 298
373 169
411 404
444 131
792 676
144 641
2 447
6 345
494 282
552 220
105 402
722 894
876 35
